X	Class
-12.801019571599255	24906.51131117377
-94.81475363442173	79973705.1922151
9.932495575741825	10822.176162286592
-12.935521476344618	25989.48542881867
-15.926439582502198	60538.03227988356
-33.93303579922518	1287885.5104755813
-59.0702731924315	11972512.265185136
23.85419327013274	337954.09741545725
-40.069065265095375	2514960.9276247416
-46.63454497942667	4630380.698592611
24.22676655385898	359325.853306715
5.8284188554078185	1392.7855761477913
-73.0840109310133	28144101.121481743
2.7156242531492865	85.50187055946375
-63.112026870616944	15617845.890893696
57.0670295633347	10794904.096828094
70.79505852789777	25479450.03382924
-1.152632523614443	1.4096620284333599
69.31229707149359	23418149.30213282
-84.07090459818781	49368229.3885736
1.0492180243407887	5.517006382833584
-86.94269912262438	56489249.212295465
-14.375534480522106	39929.18898871841
-80.69381686787749	41880523.76587077
-74.5680056597445	30508768.610361546
19.34906179571915	147803.77786660948
-54.79759987915283	8855073.435941992
-78.61086313800341	37708607.19618264
-55.93875858588806	9619580.36477418
-30.034742999340153	787537.9034401445
-6.442503083539947	1491.39705281114
-59.651354747006934	12452629.06533216
28.081345042982974	644791.4554998338
-3.3860328896496696	101.70881865595686
1.0473440037098243	5.496390205285265
-22.621469776288137	250782.51318711168
58.7274908883154	12101091.61099988
16.000835775561328	69919.36391021482
-67.54028029953722	20505408.12051455
40.150469321431245	2665116.229371508
92.91021601785104	75327501.40053608
0.0016722340433545924	1.0016750350940495
77.90401278922897	37312138.499743074
-31.677269465778068	976096.9350476504
13.428825525541853	35136.5462651034
-14.490807340777991	41246.73145976634
-12.6505473946402	23735.471503411285
55.31183699942005	9532260.859022882
7.120834699531258	2991.0257310501147
90.74844538897332	68575508.20391072
8.841632029620428	6890.451590410628
-83.58101554499504	48224232.37026874
-26.731519664995915	492203.39655395626
70.17010080090034	24594731.92170699
-18.744991390409837	117211.29530758072
-94.55952682103008	79113839.34257706
-50.564552200529334	6410318.056448496
-86.57112585260907	55527023.57259122
98.77040228425457	96145001.58416428
94.1160626754347	79303827.2862509
60.05167022651736	13224926.550689716
20.363424281093472	180830.5339865386
52.991972090336304	8037372.901787658
-66.15491068316442	18868295.17230017
-41.39535363611204	2867079.442195465
4.813375060072843	677.2840917302561
-28.67514377544822	653333.9268173425
-90.86420695091999	67424521.38632907
96.63068907144253	88100444.03568786
-11.729016129030654	17438.737370526866
0.8000878758305277	3.3621772243662056
-35.29173649306023	1508541.9737185705
-48.05104945057259	5222351.317984098
-22.622022935847525	250807.3031055579
66.40337992690019	19740163.009465918
47.34941125742259	5134861.013733027
-24.15788661167251	327054.8471062885
-97.39653266108988	89071278.49468683
59.480987806518726	12731399.939072834
-46.12224048073976	4429207.739348059
16.536977705806905	79600.1361981201
-94.88981163006144	80227906.01570539
32.440403853665146	1142728.6940516229
-22.495314825343698	245176.6938979037
-0.5852402530974814	0.6741279780061851
-17.01883252506255	79235.98815843688
-29.825619739671907	765659.3394746125
10.195581064883854	11980.550962546164
94.58213797496498	80882146.98867416
-77.4447569523857	35513721.45922945
-37.348294314057284	1894993.9015029103
-91.64045803693799	69764672.92385386
47.67995172418006	5278963.206588375
31.50247753180878	1017158.0078846271
-57.07285072000927	10427367.57438292
-16.64931196093258	72485.97986351357
28.768386829639013	709621.6812093338
32.296265343088265	1122713.629920252
-65.90457330324585	18583262.339411296
76.3304471497097	34396835.31460716
55.60163196169364	9732671.597293492
-73.20915836566179	28338024.054281466
73.78332528641576	30044101.9783419
49.755575655370905	6254383.196803038
59.71713081981619	12933910.171797311
8.66904611678055	6384.197986275062
-55.832416987707624	9546320.677124087
83.6917293179201	49653587.76690755
18.416915533275272	121650.2569904881
-30.752418108970716	866202.7627482885
-47.24429414399604	4878663.554269931
82.7830954330264	47538422.19474115
-16.052907738635852	62513.02477631988
8.038303133426169	4768.052084935061
21.68843156100992	231959.986174489
65.24996568683159	18408929.63466818
24.71263691242615	388700.8975192026
-64.65756768311479	17211234.659557123
18.25147053070917	117398.61479455978
-2.146766601028176	14.807493997555138
9.581556018075332	9410.415416753427
39.904123958109636	2600717.9780346537
-50.837767219173855	6550675.029516536
-62.67457088270396	15187658.359082935
-77.88337044076778	36327727.36417415
-45.188149492789265	4079361.789930253
-97.94999212008182	91118437.33322386
25.871944565916436	466053.2937185951
-40.9655389560515	2749163.4634740753
-62.542691059620445	15059731.078189285
-80.94238954783926	42400549.235426486
-43.24883850694907	3419561.1167320437
-57.01512317386095	10385062.547475083
-42.87925321781954	3303519.242381293
-5.718028506064201	910.0406261536191
9.899364217681608	10682.501590965898
69.02262311494033	23030529.587921496
97.70194015683288	92062073.52865599
-90.22638275412973	65546163.62308187
-53.57634971276721	8088372.049441524
28.662285449647044	699303.9853453024
-67.70668742166465	20708985.375967458
74.02917867380029	30445158.46119811
-56.519514738994815	10027136.096185423
48.351007776689784	5580825.254435365
30.604102646220213	906872.707766687
59.77710230092592	12985722.60958005
-93.75048754694768	76433935.48540853
-54.085194251130964	8401504.898190662
40.925499824091844	2875541.205727212
-82.48749819977543	45742427.92719907
-93.88210336113613	76865198.29185551
-28.573013260087848	643998.2073832852
17.956398294352766	110093.65955855386
-89.55545452316795	63612958.976545036
-86.8672667587245	56292905.77767774
-91.29976278805687	68730208.44162573
-20.969848306499244	184565.06204070637
33.68540920321155	1326951.9613631482
-60.39457763676608	13087591.368874796
75.25329034083182	32502125.631036952
-13.522180911030517	31131.699365536846
23.928292741992934	342126.56179894
-41.914651413002325	3014558.4399069953
23.050914692855258	295130.5326019632
90.73199247646454	68525928.56089959
-10.397056695182073	10660.140454898574
-58.59003234933715	11586307.97876469
-14.926541618922712	46523.78996234524
-11.085147047248455	13850.260700259192
1.5234973343922746	13.767891847816463
5.146649962191589	870.573603042488
-91.51416162349078	69379842.50428337
-67.11618276597599	19993367.014050096
-9.954564076525358	8923.198932313824
41.59423412378416	3066911.927271965
55.51758166110673	9674223.502655532
55.42059989392894	9607110.513661712
0.5557505018442868	2.131651102708949
91.34951866144951	70405319.44095546
-33.62525749202483	1241466.748730897
-3.7083675307933532	149.16341186800878
49.67479986820726	6214074.482288028
71.56790368790277	26606286.62356704
-17.107988973417704	80932.85917797452
69.73690285346467	23995141.654163193
-11.085811649858158	13853.651230556407
43.149416857270865	3548812.7167068007
-98.31032728423605	92470093.43644443
-94.9597152658502	80465194.99178688
88.09009870841771	60906928.70262075
-79.5724103537613	39593711.3202856
32.39355808794153	1136194.5807330075
-43.348251235775834	3451289.6774185756
-59.83153124491092	12604390.233274102
-22.333163577048182	238110.02845011515
85.18031930169985	53270374.47175691
14.05484195014381	42010.45845146267
83.34292239157651	48833443.251976214
40.45284816394499	2745788.9750347617
0.2432903374173918	1.320384404965364
1.2173667025277695	7.699733277015633
-56.235842734125455	9826479.619751917
-99.06729545299002	95358491.5053129
-16.432751199456845	68736.24918178668
12.675222067807027	28022.792241916064
75.3123736846654	32603974.538391862
35.516968045581876	1637369.7949342746
68.46660922069424	22300018.16522895
85.232257384984	53400031.69621809
88.22317472672444	61274745.962336734
63.20383038487881	16214362.034107331
-73.72107890411124	29141726.53487171
-30.6739970019472	857331.9300381159
-58.299501094895504	11357249.12689333
73.47630743130469	29548848.02210369
58.46604386125159	11887957.384695014
-30.19967186322812	805120.9202273645
13.82810641112708	39413.96728148264
61.02630805114032	14100803.207626287
66.63224894679524	20012671.74505643
-58.8412646099856	11787161.327989796
46.13604010522312	4631035.635352201
60.68283283188981	13787318.354421139
-91.37419272932745	68955213.81275882
-78.56251915368402	37615642.05832216
-12.983270028234472	26382.3137903304
-55.82375562785118	9540372.274144316
76.12441323313615	34028178.12183348
43.937507544882266	3813644.8930744994
42.60145870939621	3372980.1685586204
53.97193139854039	8645577.12713723
-33.850594766119045	1275326.3545721455
-54.27794963338022	8522465.33696063
25.268791840205267	424496.5746107058
-17.10415009492216	80859.23905256238
87.35621444683719	58908156.58700505
28.490483780558463	682836.4773687591
-22.619931397526358	250713.5802042415
71.02393216083811	25809350.13265903
-23.841483256758394	310090.8038277751
-64.33803444445596	16872245.23926913
56.331885133216275	10251701.628770268
-5.558282516839725	809.0862481727929
-48.10391911914458	5245491.0343543645
38.479849176246205	2250966.1593435626
96.0970157997557	86175263.02062641
-50.74928220644204	6504968.398342875
58.04876051880905	11553632.277855964
52.46704884481176	7725096.559912763
-75.9920415645172	32915065.633814644
67.78051891180013	21422722.25305029
-7.6522190486936665	3032.6759889850555
-74.84372348938248	30964015.912302196
7.268694619213704	3236.559514390488
-40.697449841074196	2677481.5807341123
-64.85516134865388	17423399.829172954
-84.15236585984007	49560414.786675766
-60.220181634100165	12936467.214411126
-14.082276188717245	36719.62042035392
28.36235272576633	670745.5625659167
-82.52416424204071	45824056.85086443
43.14611755419304	3547733.8761942997
-79.65103780732359	39750924.51848325
-64.88018581823562	17450408.990188334
42.66431243148213	3392809.948043548
77.05273488209784	35712927.645626195
96.62767220861446	88089471.13468073
30.581390140242917	904206.2838838974
-4.452729398724927	321.1926609551982
-82.44248902300112	45642374.00185383
11.790158939455338	21113.90438124464
-63.76995411827071	16281969.377057327
2.8804120942441216	104.91176964817768
21.786029786878316	236112.4195453366
66.64249802452085	20024940.705577716
-35.2498835487707	1501349.574473146
97.7724186639413	92327313.34603976
98.99005199355864	97000902.20501354
65.23016388795935	18386680.004818916
38.83050908503668	2333582.8871888765
46.733959619395335	4874432.816198718
75.05376196093252	32159937.90948016
90.30202966914646	67239771.5645596
70.45258531951023	24991726.292973153
28.187727955772857	654526.7747312424
-85.30032305711268	52328822.0308466
24.676942859167724	386483.6302009243
-29.35722164289629	718311.3966956774
-67.04427535514073	19907508.616994254
78.63323731340867	38724255.991199
64.97809624133589	18105211.47515449
5.327684770566663	991.5983427946868
-7.3101487692855045	2512.135623907461
-2.1397423745748796	14.604588805491556
-47.855996056109596	5137643.073050459
-19.472415373370524	136750.9008653459
-12.666024054594004	23853.971377985326
-96.988773150326	87585257.04169758
78.58117661574315	38622134.732879125
-94.17013643049765	77815355.56328562
-25.421423197654775	401830.7206151441
-80.82533706144557	42155070.424236745
-60.607135929992296	13273571.329737952
88.48412247942863	62000829.67827458
-25.745765666420724	422935.4253722356
45.80016036429541	4498372.571954547
-74.7679782741957	30838446.242684726
-49.743415658558135	6002032.1761148125
76.24705942424629	34247270.40338127
80.65923009780309	42858232.51950027
-42.47294835682241	3179383.7909428766
93.42262630245926	76998462.75746255
33.61986712503818	1316733.1380366185
0.6013547068653082	2.311223016450511
-24.399518270288894	340471.551859486
-32.52634114070834	1085900.2054384928
90.40214101660021	67537605.81269093
38.666765717844584	2294726.332410273
6.820340014667451	2535.434209438669
-91.30206041274451	68737146.02564459
-50.4898248754919	6372324.865262621
88.63414453344166	62421174.41201746
11.372033248650666	18336.83681709277
-28.49635352895359	637056.7820523572
-98.10992517242015	91716521.32400261
-49.290346555015404	5785284.638815992
-49.15466196989264	5721531.102246333
-65.86289479319478	18536122.855559055
-31.00400806456176	895127.3974055998
-59.47018973045524	12301421.21759232
-87.4196919638318	57742736.49963113
-80.40792082274828	41288347.27271587
-0.6544995371769744	0.6770029251832648
-86.06788191751092	54243486.65318451
87.03071267029767	58037564.40426389
-58.78047296588327	11738322.440119646
-7.157530008190676	2302.9278175981267
-17.066348578672617	80136.9803353609
-41.732456313403546	2962182.986703808
-35.294297035991164	1508982.8385339465
-57.68048331677205	10880548.0780344
-43.946342445960255	3646861.9543501143
-76.57899286068208	33947212.17131075
37.85037495550881	2108186.4306163755
28.90523787489147	723097.7134383568
-37.69411933140307	1966631.7421571855
76.05979123149936	33913162.65185372
-22.72485498108783	255447.76510987713
22.217860063773713	255158.16748555418
4.633865235039039	587.6853494140911
-34.988639277974016	1457034.5379446447
85.95808461303253	55236853.99035351
69.64028179926075	23862917.56795321
68.2245896039816	21987532.765659906
90.85772731126553	68905504.4099169
-99.5035147463807	97053423.12637779
-1.5761799538746004	4.164352637557801
87.58262381292076	59519464.59181829
-73.1146480353722	28191482.72995191
-51.00117231716605	6635714.028229947
1.0123841154282047	5.1253843374834
35.684301964376516	1668218.9980098028
-33.448008476610156	1215310.399049924
-38.72706568199855	2192736.6574516688
55.1595822443098	9428216.249157235
-93.42921235431048	75388841.71429083
57.15957250434579	10864783.24127366
-14.29194370795814	38993.706861753555
25.801891433712072	461076.38293865864
41.100604981359936	2924759.3920397586
-80.30627411571646	41079327.44522672
80.76923297497731	43091774.34026846
64.46249372354919	17539547.173484977
-24.923712549250027	370993.6847868825
-61.04113430082816	13659451.09923907
-87.43891238883212	57793679.07568636
-38.27821477195705	2092216.5783078126
42.6383921204112	3384621.760595492
62.636343235978586	15642101.91195437
-34.68233975655211	1406334.485285053
-55.9420226784358	9621835.676681342
-34.52116327069183	1380193.3742538786
92.8733672611497	75208395.75759536
-80.78185996459382	42064163.66347869
-67.5633104712122	20533492.631625175
38.8478237905521	2337720.3518680544
-72.04730019044688	26575680.095885187
-46.674821474041075	4646481.945764491
60.635174491615345	13744237.893722018
-39.87764322832674	2466956.9634881876
19.403309774250957	149445.5514485794
14.562457553071354	48287.453984698615
-46.91130568426618	4741869.522138733
-50.253142221473944	6253103.504058889
-42.064901867596745	3058270.826058467
75.18801448480625	32389879.612281214
-96.24837064584703	84934590.55997312
-81.67271757753943	43956471.078800105
-31.758008169149576	986163.2335908301
-55.93966897606981	9620209.355414318
12.571479783144042	27135.743315412645
7.892218914865339	4442.448163366995
-0.9275994391348519	0.8750551832918748
-39.849385999329165	2459929.3942746655
2.289745067640638	48.02599725168758
57.24570335031069	10930124.928193355
62.501116298442696	15508002.824415157
6.568177499169309	2195.208642731675
61.2670428821034	14323683.389249716
-93.14490407807097	74472971.33953214
-69.18677582009802	22587084.158295073
49.63700553373519	6195281.420720113
-23.02602055554341	269409.34928148903
-36.42030196093127	1712420.5467495164
14.401762593397166	46229.11890502815
-25.51589697272418	407894.5632821077
81.90598199829242	45561443.41175835
-22.605754995406357	250079.0207086237
67.24983908345493	20762106.73653895
20.35274401884422	180456.3527641691
82.40375548845981	46675672.36494925
-3.1892851290649844	79.00253294518062
91.70281331913674	71497777.07374519
15.341932090590248	59264.156504522536
-94.45114040278249	78750788.03974207
47.77416984353425	5320588.310221783
72.28015931646615	27677499.00169148
-80.28999811930984	41045932.37964314
92.68860816891458	74613330.08185138
12.685207220327442	28109.303830171684
48.140382187543736	5484721.349919479
-55.19973639745957	9119074.027430616
88.23649913749429	61311665.68081533
28.6656918591745	699633.4781867687
8.663727586601212	6369.054793443388
92.27803943513462	73303631.5565582
11.393746533331694	18473.891380127516
6.333678389107078	1910.779612345527
-91.04660758939502	67969027.45179945
9.277793992858236	8304.293566000246
48.87217786568846	5824052.437004839
-26.319353993597545	462280.67159291235
35.86520271624417	1702057.5777321544
12.82156237679321	29310.86371791734
-58.404996723394476	11440026.853525234
9.362784624315097	8603.362418508148
-4.8022518241490815	440.3500877832041
-32.456075858768614	1076477.7573560493
32.52704012697626	1154887.061376938
-87.76924628133386	58674488.46344173
-25.445714876154568	403383.3905615969
-13.178130622906806	28031.8112080865
94.7735242914348	81537035.13795461
39.63987091407063	2532943.406304552
25.15772402588874	417158.1039007077
-68.81109750779713	22098762.689495105
-12.981514721867	26367.794462376947
-25.752980221124716	423414.1244796411
88.07951003692267	60877733.29699728
-9.43647376358463	7169.695348748819
71.01999738448944	25803651.598684356
30.72237028260122	920852.6448510508
75.85739108343088	33554813.069136165
-99.33291104018456	96387874.23335905
84.95764725534357	52717174.437268674
90.25875085596192	67111321.24555506
-69.01289666132959	22360073.958630685
-86.85786478820366	56268469.24537671
-36.54332850179054	1735832.2106276518
17.11108997551571	91046.47910028351
4.8262690089767375	684.0947219508816
-12.975476250965585	26317.89196901059
82.53543050284193	46973804.48015549
13.995330398510049	41316.89188463572
86.82734973885627	57498567.27722569
15.230870811213777	57595.912892887434
-62.96396117009346	15471230.677924583
96.41574177733762	87321201.60973795
99.70065208222076	99809061.49681023
-10.706378333289692	12016.928074532898
52.486111660544026	7736275.101506779
27.31268363691632	577639.2544875699
-62.95120501738036	15458647.969586207
15.840392013647218	67202.25052988218
30.848386926216733	935925.79348798
18.748074039123196	130506.42120951162
8.2953277987001	5384.08483444237
18.375813707156723	120583.40351112437
41.79823445871557	3127147.136201578
54.19559473226224	8789097.109134158
-82.18996074044912	45084052.38824893
82.69909808265595	47346360.82389207
-10.0749989884509	9373.149510508505
39.32422316223892	2453733.5163447736
-22.47219016665612	244159.41033867467
-89.78857024904796	64279738.87061631
32.728251523850304	1183498.9296094817
-26.86788717022688	502416.12165779056
10.55599202628892	13715.643087359405
-46.68203188854443	4649368.863471499
-59.224783865618804	12098796.526047768
-40.759009237493984	2693815.895552577
68.37352651839993	22179442.242896937
84.80303833479047	52335610.887526155
95.71671752006063	84822749.19260892
-17.133810526755468	81429.35979208545
54.63731388604219	9077780.539250435
-66.38937588190292	19138217.93207944
48.851178231275725	5814101.066341411
-15.158736306771885	49534.540668108806
68.81841783377536	22760183.799989145
-60.59594818805443	13263733.382246017
63.783108278457746	16814562.96548686
-85.53493537729769	52908589.581232496
69.2215423504341	23296185.9792169
-15.270212712341348	51030.8410518104
-71.85172891659661	26287316.306219265
-38.81656982064923	2213206.4891934437
41.872386696764806	3149260.444974088
-10.743006509237631	12185.768623090913
-53.34712823548973	7950210.515173626
-52.24690097670668	7311531.267226937
38.63465060059542	2287162.6562253465
29.553895578868406	789602.0848408317
-87.21498078400106	57202248.90823364
62.50353988445357	15510398.581021462
-71.96316336652254	26451333.71669709
-51.887151117687466	7111299.323430704
-97.2192349630632	88422837.83782338
1.2509670678667533	8.222517551281612
70.18640976576106	24617522.468154192
85.94741682781333	55209519.18418922
-7.338045111367421	2551.86712704879
-79.45014490258104	39350172.23182907
-5.13897684905011	583.9941075911048
-41.90834578738665	3012734.249841539
-38.120543892352465	2057740.300325271
-51.408181979213616	6851128.836735591
90.73830978264706	68544962.11824055
-20.51793414511411	168992.60600757983
-99.28531330698618	96202801.11559883
-0.9475675082245374	0.9057068022374368
40.039549429550334	2635973.909866543
63.054063246973925	16061835.207689019
50.677365868416615	6728396.92219791
40.4324531899517	2740290.856805804
-60.38087437011323	13075669.006306106
-29.978924514780886	781652.8658581568
-8.105587461744278	3842.615442367849
-72.60753030264868	27414862.854714554
-14.5245061164091	41637.98918425776
-79.70236869078573	39853811.3428882
-82.54887695877942	45879135.909726664
67.23714553958726	20746494.734583586
-66.21048831641218	18932017.79933773
-5.426317581954905	732.2445653006877
24.982479632185047	405773.4066816003
87.79377679409413	60093856.35598836
-38.735354899528	2194626.4326811573
-63.77571033688394	16287871.662371064
75.08426864524935	32212080.54751034
-39.28284045018826	2322171.7304341653
-44.46938548250201	3824604.730381171
-69.97442072802072	23637127.793601297
-11.063635551548074	13740.853756422648
-53.70505482072978	8166733.139283185
-28.22768065101367	613171.0585374712
-33.27068464496159	1189558.8144762309
24.977513956563953	405454.24752787495
-10.85956058264101	12734.900026793652
35.5886886958117	1650539.134530866
-39.8286261978476	2454776.0102727413
-35.52364078667591	1548864.0301740426
99.65590603435368	99630456.5104848
-52.345218436157516	7366981.606985474
52.57229575870059	7786965.429589844
39.917336610672635	2604142.0273198965
29.568130230622444	791111.0955044169
-75.68768014966246	32389211.153918985
-98.88553654670685	94658858.92146872
49.11065166629044	5937959.673199465
-83.39430022152656	47793488.08525767
-51.45617593128424	6876871.543637787
97.8455263524549	92603053.05020326
93.2228350772125	76343675.24299419
84.26494996361865	51023777.80634182
16.652895886911764	81818.93056673686
-8.753592659018011	5269.573929632398
-7.532479597656334	2842.0549541299624
-32.05217035002525	1023498.5734140378
93.4706604330112	77156513.88329221
63.19590971449742	16206268.315154469
98.38504748220245	94657104.90085085
-39.82365732340219	2453543.7458167505
15.970145071296528	69393.3540584395
36.4135722311602	1807784.6160667795
-23.274169091361713	281336.84761580534
16.835600024793337	85409.88790305825
-60.69655633884572	13352400.037693817
-37.22635917948507	1870207.8973460728
-73.01063358352893	28030862.712923653
28.55574185439869	689056.9315250622
-33.171404037768596	1175320.8978961126
-15.032752866114564	47883.40842700221
-23.88674420884169	312476.07188265753
-89.45003378721464	63313133.963690504
79.17077015728245	39790551.409588106
45.49493469199135	4380308.04972607
-35.19336089245219	1491677.05656841
79.73986388570756	40943294.96374204
35.124644382596614	1566720.5408328709
98.33422544985092	94462172.44721158
-7.357407632275013	2579.720479252046
-78.07842511055696	36694182.14779584
-75.68029799330793	32376535.56497082
49.294321424737745	6026822.392101812
15.749540894104967	65699.2696450876
-56.63810211180862	10111923.825531494
9.519179699443711	9174.751100710966
5.960775744413979	1516.724159333719
71.55526671415751	26587566.310006414
-89.38475113745136	63127997.05971869
-77.38972928210279	35412572.1850833
-11.479780817395053	15975.821569167454
-72.11658134876784	26678399.89290028
97.74848877541956	92237191.08637221
-60.349485049514804	13048389.806499429
23.926597890784237	342030.6968800514
-11.268603198828558	14810.090131855617
56.33487142052863	10253865.846557604
-89.47408629963967	63381447.710769385
-35.12098719664398	1479360.337012525
-6.045476784979684	1146.2944210151727
-77.2732150609037	35199114.462728165
28.235461886068435	658930.6563869611
6.842931335596035	2567.740801878125
65.36172206992123	18534879.788155142
-11.54298890421397	16337.758500265814
-40.99583938158546	2757354.801534109
-36.82157106301827	1789666.110634764
-52.86999397635617	7668305.008203899
86.59705415598208	56892729.99780858
59.74252476057413	12955830.335527807
-31.308344439165595	931077.4865666137
-10.033224962498323	9215.195392985795
-79.77800032466999	40005769.99421496
17.87592889270684	108162.11416132866
45.781295026196176	4491006.840928109
-54.40944101013534	8605726.755747875
-11.596932969922364	16651.48562603039
34.96952020908114	1539426.4613245348
-11.471297214393928	15927.705535169825
10.109088162963943	11589.93236233951
-61.0301487018903	13649580.96236958
58.999636205968756	12325978.297777798
-78.07746671448695	36692374.8322586
-5.857056364835216	1005.3616157526706
-41.776776310708776	2974860.2899561734
-78.92202717123132	38311104.14010004
71.10859597943102	25932193.191154283
-59.960731241565334	12714065.239791373
-6.146443419550778	1227.6624853572569
22.551785366632032	270658.28149969806
-46.07755879686175	4411978.399221012
-4.067272427441154	219.85283333846485
6.093770885808354	1649.4513630444528
-11.036625672229732	13604.40217275407
-27.368269284062393	541257.4151924946
-48.79571671055185	5555415.171029443
81.23467563067331	44090513.01106111
1.8960204515967547	26.230165358519773
40.26838843740046	2696361.7881896244
6.802917109004497	2510.7283245130984
-42.787543682323715	3275187.7206678414
-4.271054418638201	269.8258077859303
64.64277812819782	17735806.169666894
75.19858700661374	32408039.97960243
88.15908231250319	61097389.52562483
-56.8167614380817	10240675.75861423
-30.956893527164993	889656.4401339306
-76.2104117778014	33296276.74288262
97.65104834481201	91870902.19014122
26.202282998381406	490067.32323882496
40.97497144111003	2889383.1236291695
-13.852408947648613	34342.3866793899
-51.28985233997305	6787968.676956044
-22.55417629895007	247780.43288169065
-42.262329667195544	3116429.2213124153
6.480802817826131	2085.748178822136
63.24418415867632	16255644.52480725
66.35671659288616	19684945.477480497
-42.755958329887854	3265472.4843225284
-64.48358520835939	17026031.401747458
44.625178038277795	4056603.809746429
-16.594695727166837	71526.18361770005
-63.6096844539165	16118275.93613386
20.86938745916855	199234.21481357166
-77.49290633845169	35602405.011189885
-80.89647889067462	42304139.41047594
-97.5897604078288	89782035.57837126
-58.5826696612975	11580460.701206058
-4.198349140334457	251.10776833311223
-67.53807999655942	20502726.434427533
-86.26248897932287	54737168.568766326
-1.4977031535885743	3.4174552883771274
80.62909026923509	42794410.11481171
-97.69982106009118	90188772.53281617
-54.38436138901093	8589799.253767848
80.26402244129906	42027010.191962704
26.84775516878358	539656.0262799138
66.09461023827697	19376940.161654077
81.86189370924927	45463726.115069285
-56.250639040448604	9836870.755708624
47.90692504796269	5379656.114439235
-47.79671415928512	5112103.415088062
87.68620527203063	59800716.468893625
91.42990413392275	70652779.45359564
-67.95752033502856	21018706.356660776
62.45081660809399	15458343.337940337
-90.57406455419292	66565131.74071037
19.880015581031856	164467.8874206631
-3.6142213517886432	133.8686750577518
19.91584234252406	165640.89713849017
51.983718649681066	7445694.405134171
74.00515537415944	30405793.665201463
0.6042821888985657	2.3234366103336077
-85.2678005748156	52248831.03101842
82.75279727140133	47469077.68987691
-87.84363429909097	58874219.220096834
58.89425529907933	12238528.417057704
-75.75224126122102	32500224.990239855
80.52638407579713	42577460.459965624
26.88758933546174	542834.810899344
-37.96501023999692	2024150.5813443738
73.02889777561288	28838121.032297216
-63.92188487494506	16438293.987761853
-56.886352576526214	10291158.300762435
-34.82183004959312	1429256.570054284
-17.232989749557632	83357.6660798864
-56.265647719388355	9847419.454024235
83.94207750156718	50248564.34289715
-11.917549787726102	18610.435545404125
90.36518960606585	67427559.30266885
-49.349812051089174	5813392.72409441
-6.289466785057925	1350.260316477838
60.320356176828824	13462190.622817943
97.86703691330143	92684301.73689663
-10.051572005512142	9284.320317563857
-5.998082167713264	1109.5297544119016
88.13379157294315	61027511.07358028
-13.559402944014593	31481.84787259498
-11.911042609688536	18569.037290384305
90.62966335520522	68218170.58761753
-0.6224004762678277	0.673940002979884
-74.75347035452631	30814438.80701348
88.29129737263	61463677.87527091
0.2951582560102537	1.4155799808953735
-27.85874128189252	581473.7208321528
80.13959137493151	41767820.58692455
-96.57184756433819	86085136.48907486
89.52499353877909	64961431.705541424
-82.49871103013078	45767379.255814515
-84.90005784752918	51350712.58161901
88.45185852829002	61910707.85162967
-4.406797785533186	307.5648667914086
-64.05885812617997	16580190.973295404
96.45293288042706	87455658.1819424
-32.95678149895984	1144978.8233920222
88.26786918939013	61398652.73693995
-8.101760653723943	3835.1651950178634
-26.41333720273495	468980.1966340934
14.667151807556024	49664.98137824764
82.10437824085167	46003119.63366682
96.0172366347065	85890200.88648443
39.145389539457796	2409689.2303198804
-26.338847176126265	463664.28992784483
72.71883613260454	28353153.13528223
84.86388722024586	52485533.45197681
8.584581668768209	6146.880012828931
42.310160963106	3282211.005321572
74.2997805859155	30891214.381648593
36.896266030508116	1904858.8651983447
30.0864660060449	847549.1923208873
-23.85656567783687	310884.12987707497
20.081909899034002	171160.32293142247
-51.363546113283306	6827252.250921567
-76.02387059534728	32970425.07058543
-48.29351104135746	5329103.465340491
-10.752554960026515	12230.074033586947
-31.087199691714744	904849.212029274
40.39546812713587	2730341.4188442985
-23.494440032779522	292252.36724538694
0.9723210176705521	4.730765996333833
-41.82884418913009	2989805.7364991186
-82.19476159029762	45094618.70499499
43.35908037193522	3617876.905876404
-55.17791437622297	9104598.391710736
-6.911717094527205	1993.8227667608373
18.791212847493938	131694.70636109353
34.524478375732656	1463098.5842894362
-17.051383161241944	79852.38357073705
-44.17998427122218	3725475.5009760056
78.5556398791621	38572116.26742525
28.85486288151145	718115.0485672927
-50.39437351616331	6324041.012974543
53.618746754595634	8422534.39851399
7.361805008201756	3398.764801193897
-16.046207971211885	62407.20162379127
-80.52182014801119	41523509.1842813
-55.56770455610931	9365775.196460247
-78.91510834566941	38297629.47768226
39.44587899692036	2484038.8937546955
49.526167512884626	6140413.483509866
-12.85065080130596	25302.106017600698
-89.14110214297746	62440609.44693578
-66.01269307618148	18705967.80387158
88.98115834968118	63401655.74052798
78.38311554689292	38235466.851924606
-20.347979485518124	163399.1538590189
-71.71285918395228	26083986.61711834
-11.305492529349067	15008.966459517016
-13.295404172221964	29061.118647366642
-96.09225136571176	84383448.91607928
43.798324835369954	3765830.1480071945
31.48759475229471	1015252.949395775
17.31689709840785	95436.06575669056
61.388538580515586	14437166.101539213
64.16352985616834	17217688.530233253
-57.170619535982084	10499311.096102394
-85.94846529934104	53942206.94267626
-26.244831647842616	457019.63855561055
76.25893848970449	34268546.94264873
55.104246348378325	9390613.847773643
-48.92613951878608	5615349.120605312
46.69039458620276	4856381.6615063185
13.33269437947888	34161.003523039624
-44.70107438102608	3905380.9153754315
44.12946470832807	3880335.050897561
-43.29066726830637	3432884.4013928697
-31.686069336151036	977190.3217417039
-59.51511130300018	12338785.512202064
11.572201763264772	19629.645191877327
-10.331271902212464	10387.092211454574
26.46218396679268	509603.89257881226
-97.89756254110216	90923010.36432402
-18.853146696214253	119974.8082853632
-92.48971553776232	72394134.50567013
-38.98939440713001	2253137.1372830938
-82.74671227617534	46321857.878259435
9.107896005479745	7729.923871442977
84.08931212030888	50600969.214432426
70.87093706838698	25588469.32073511
-1.7487345374616439	6.31338828511331
-31.162986680054217	913774.4574566355
-99.55819201063196	97267454.28627042
28.922069621661365	724768.3319573863
-35.59446562604356	1561338.1969741264
-21.799607551511954	215931.54540305902
24.437049249152622	371826.92751559813
-63.099147086161935	15605051.066572335
12.226339432830585	24335.6238874754
-10.05221113816188	9286.735328719467
-24.690652999338127	357180.53543258726
67.55476271009042	21139792.713160615
46.219076363818914	4664280.094937457
-68.37210083650083	21538218.373200785
82.325616850643	46499427.00123749
-99.61521150675303	97491030.8592234
-51.3635047054543	6827230.130092633
-72.58586128863283	27382039.64829717
-31.72538172468296	982086.1218033104
-70.40216958808054	24222491.221126277
-43.76530750026115	3586809.833349412
-19.90915878824751	149598.80694423438
-5.3228086903337015	675.9209017315927
-46.030236234164114	4393785.595109476
-86.40436779461791	55099207.03176165
8.11179265074513	4938.473791599282
26.67692713685659	526181.9330665112
31.18945334843474	977650.3301290444
-94.264249523318	78127714.68655264
-78.82746981689948	38127257.76032402
33.65270093165435	1321844.9290272605
-79.48599199775113	39421458.88386711
-86.68186774342743	55812504.40057879
-9.66266076928433	7899.929720446103
-27.051705145916216	516433.00523917173
34.66858323267758	1487495.3618186729
-91.93773190352911	70676796.7891798
-54.93764392272607	8946351.996690659
-42.96293590191718	3329531.078927398
-34.94637753987672	1449958.924174902
-98.41321253278876	92858771.99178885
10.176572537012603	11893.869845985724
-97.39960844822559	89082559.11838803
-39.88731229131395	2469365.112551734
81.9652192093532	45692984.692380816
-68.36095197237512	21524122.9821016
27.672387514713236	608374.8256427031
-8.692017307118036	5119.145627757947
84.98721177821625	52790374.4922469
-11.861075139143722	18253.445779804246
-59.469898839256864	12301179.540701045
99.1314074609665	97554730.53986792
44.78869137996736	4116042.9595434456
-74.06597039413671	29692754.19925573
5.641306536625095	1230.785080887493
-38.74915740277418	2197775.836602705
76.38216263917676	34489838.43088159
-67.80910607754835	20835032.4022196
28.778720151197376	710632.5983496453
91.51633643064721	70919581.29426147
81.76575456114995	45251188.43402747
80.09831505974293	41682107.52351194
32.71777232366648	1181995.819825051
-39.390754381189886	2347953.711381769
-85.01936219442298	51640803.986164175
-65.62873160991089	18272943.388042256
78.71869858571455	38892334.09792082
41.58187745750746	3063291.5464479825
-79.1282217542452	38714310.16403593
94.4066955452889	80285288.91160963
1.9784933583875386	29.96042385127254
-65.63900099462225	18284426.185742974
-4.07915315443752	222.55794999605064
-20.16355653849415	157487.88993700256
-57.22400810911217	10538754.06625148
26.587396288715752	519221.79720364854
5.2187734322943555	917.3684720772513
-45.176502359130936	4075134.8874427294
60.55445168298141	13671499.435786206
7.761809689258811	4166.166198698484
-32.1128914145247	1031335.4874087997
-68.4373426663934	21620841.775350943
-0.10851343066870811	0.9021226249576912
-69.20732192109452	22614022.124703605
83.11502613462045	48303109.95359365
-1.015757819061065	1.032520673644001
82.54616205483882	46998165.11632724
-36.02481240444402	1638761.6048654018
-7.949002676864751	3546.5187660792835
4.27310660370668	434.96423131053916
79.66879294196312	40797983.63937094
-74.6103087344046	30578288.528489262
-20.275096823015446	161043.52415269945
-83.12597641920462	47179537.64590014
82.86743253586081	47731847.70620837
63.31117429293528	16324350.391511919
-19.88742225315964	148938.77155663175
33.767947073074964	1339905.1268447086
8.60774817204657	6211.299132571112
22.356866979965176	261527.3382679448
70.43667525829235	24969239.968288038
97.29572415811711	90544436.55351661
-83.82204230949242	48784568.24983636
13.577991722363564	36691.49878155957
80.6509943009554	42840785.77613136
-20.6959077202566	175002.67442237397
-49.07469795388166	5684206.403675766
-73.76366067437854	29209340.351427104
25.044094387523998	409749.27262270526
-57.79585810682391	10968237.56461605
-24.332664639828664	336718.92790337506
-19.750244053494242	144823.5764680623
24.88946607269969	399826.350058966
91.05302512262702	69498205.31059179
97.71447235805942	92109195.56394045
-40.21317660750705	2551560.2042458383
-47.09688077267935	4817745.047492532
44.051589966240556	3853175.0793311778
37.91989856321621	2123612.7781877234
-45.72881219757588	4279222.458333432
89.19542890778885	64012813.28210256
60.27503788095464	13421950.079636427
-60.27478714010665	12983644.508506345
-0.6898248627987584	0.684215724531689
-81.54088638472425	43672495.86043325
4.990075581028904	775.2006199844673
13.882288636067415	40023.16980423469
-63.73289623620337	16244009.532059278
-85.08441818389163	51799506.09587773
-63.98401508256877	16502544.221555362
-2.439016778093446	25.388811394734446
-88.8133118544469	61524715.624297656
-65.19273404549037	17790397.618442886
-61.17800779624298	13782876.031911053
-14.179230039266216	37758.458619160105
7.2431083967871075	3193.0245839536683
-26.496758328482017	474987.58660805906
29.078782182598218	740462.0122994734
86.41012010465846	56404494.47581136
-53.415459087866935	7991209.754759329
98.00405648833973	93203101.36525306
-33.26564607083216	1188833.127971644
19.70093435655258	158697.71279414682
-28.21597326958147	612145.7546580132
36.07829676079166	1742575.5958594684
70.63996241234796	25257698.17011346
58.56850562068266	11971146.865593253