X	Class
12.817203268242537	29271.865290414265
-60.175924840012996	12898325.281115089
-42.72867393870359	3257097.5812564604
-45.11886553497146	4054266.0334755653
49.61179001570616	6182766.848411669
54.03409605391704	8685289.130797949
42.86623610367499	3457107.124610501
7.135330922674868	3014.4572165953273
-67.46829733969676	20417813.07336168
60.627868363835006	13737642.50098535
-26.680054825395302	488389.9005639777
-67.42259855024058	20362348.69744723
31.32364886528663	994443.8383583106
-87.16386771069607	57067891.952512726
-75.1063469105523	31402362.180722333
50.458945136979565	6613722.749898419
62.19634065628949	15208931.850881448
48.333072642386924	5572593.0128477095
53.35561387655204	8259187.92346761
-73.91249522115588	29446593.210706405
-68.05502161049063	21140030.81041286
9.497666943129317	9094.511052722744
-83.57759829573902	48216322.86380051
-74.89656254346124	31051838.76117776
-89.83562625375652	64414966.26360218
95.00162270446214	82322730.45295362
-67.0861449569665	19957467.76842833
36.924086497621374	1910570.4596090289
-72.03136207602705	26552091.461033203
-61.6014399271666	14170004.791217497
27.363567829587822	581914.7981754959
29.729924121424688	808415.2662042037
5.476043072834997	1099.8964877291821
-83.6128930235936	48298062.32325646
20.26931903247626	177553.52458603142
-28.15183448054013	606551.4385270802
89.0937111531641	63722138.474443525
-50.22124456894996	6237164.954898211
-21.022824834079913	186458.6088979637
-81.28121150428296	43117161.59279425
67.21098231417358	20714343.92411922
-15.570551282221984	55231.070839014916
70.72380960942311	25377399.886652324
-47.14089928910931	4835875.5822149785
-71.05665316031731	25139095.827413406
11.828812657567184	21385.679416597
-35.3682187364533	1521752.1236740716
31.798951151682246	1055669.6536390407
-3.087180219509861	68.85446325578098
76.14571312905508	34066152.11078039
88.84878566611641	63026286.5684312
46.163406073864365	4641972.195178152
-88.90029886607162	61766781.143818855
-13.807457819920415	33891.35925524609
-67.32936885413581	20249546.813437585
35.934482893704654	1715152.227829793
-81.5057914133547	43597130.87326981
58.504964307077444	11919505.950376667
21.91162915592369	241537.9582409595
-18.239054741428262	104912.71323088143
17.672750035689177	103398.2487129615
-51.73483197103679	7027771.768306596
-1.4665315175682139	3.155665979781686
-36.13555473081529	1659142.6287296629
53.2759638189205	8210214.938065285
60.0810539424688	13250720.020316806
-48.07020167981164	5230724.901690698
37.951673708772915	2130691.3738542823
76.51595135134087	34731313.93880818
-24.283433228059053	333975.37399878993
93.25832125524502	76459670.00572136
-60.61070819095868	13276713.751960702
68.24959148500517	22019661.083366547
71.30585104745057	26220101.478427634
-58.23741026587652	11308739.711905407
-97.37829421079161	89004409.95435339
68.22080837759995	21982676.816082656
94.00332805674171	78925557.36220542
65.00817424193696	18138626.791191082
-54.29792373459803	8535074.015464043
-79.06458289962323	38589528.79282843
-5.995024854992124	1107.188986608736
-54.52023526920839	8676354.92426818
2.9960655539507144	120.44229858088575
36.50733547726912	1826344.0472024947
48.74834355601715	5765553.471904327
56.82277551544149	10612086.682461882
14.674284040040959	49759.885320559915
86.76669956484079	57338548.14812704
-53.45325776135166	8013957.371677074
40.44211207836554	2742893.6890896577
-69.72905727848769	23306180.149255592
-27.428808315055008	546104.8958381895
68.53473625161666	22388578.517941356
17.72108169730116	104516.90036774057
17.60908593276251	101938.46169391579
15.09729073068928	55636.38220376017
49.67458086457569	6213965.460715872
2.395237921557424	55.78933588103201
-97.08055137303617	87918095.69969678
80.30486214583229	42112341.54497417
-68.96246261693622	22294550.477389254
78.17710049032803	37836358.853510216
78.40863566084045	38285125.2321224
-58.960028277342545	11883013.412458584
-70.12998245029146	23848768.05505411
84.1857751596018	50832855.61627617
27.952331835855617	633131.3908248453
66.91714886141486	20355825.94784612
83.91155645259292	50175743.41193154
68.49454502336079	22336300.904955093
-56.810593454774306	10236210.381570881
-66.17497199574748	18891277.920279577
-41.042852870221715	2770100.525138199
-84.41062296713686	50173412.2331335
-64.82907720064226	17395280.332459964
17.488491654338475	99215.74008652044
-67.70474353787148	20706598.575283866
-57.22955634236229	10542859.41348914
-68.96235192983646	22294406.832219735
34.34481887470392	1433104.2370599227
81.91416225963698	45579591.456198804
-11.606511658212511	16707.66243044456
13.153912579777781	32400.93516304557
10.481843402639953	13344.187164383193
-35.48788894091852	1542595.6313578968
-9.014254052413207	5943.436964281351
-15.532538007220168	54685.611836344106
-19.683329041107015	142847.4422787454
-21.20518997338641	193088.51660470394
41.64648941986269	3082257.7064615022
-46.93189084738458	4750241.6139007285
-41.67189802771014	2944926.4413584163
20.706569738796475	193165.53815066005
-10.371010222672624	10551.394999734008
-70.64624015409196	24561328.991785966
77.74784909868168	37014825.15051545
-73.90856736544566	29440313.423891895
-23.48702081534249	291879.62105578237
38.021142732930485	2146228.7202672106
5.048035321920935	809.5340586297875
45.43928307300112	4359034.50456375
65.84630907824774	19088505.120091792
-18.85023304937421	119899.72632342142
19.794108936395688	161680.59455850095
-94.4862030376546	78868096.86735512
27.05924339659198	556693.8370523255
70.80990821779983	25500758.011690415
-90.15094074397058	65326615.73321876
18.89890207748573	134696.49710597278
-7.502646581170708	2795.996261214884
-16.7359408554659	74028.12692683241
-5.700010447293536	898.2039294361989
-70.39644324221872	24214583.79590591
-87.520212754458	58009533.72233762
8.786509395123218	6725.596120149795
-50.18999372892179	6221579.172692542
83.28020436043866	48687059.898698375
65.66131163870602	18875708.378887415
-3.9350581654550467	191.3918975927606
24.205446616866098	358076.2508211688
-90.73440536637376	67039032.333066456
66.20992486953577	19511999.45549802
87.09140902503069	58199167.007614106
37.55626600530155	2043855.544624819
45.611732591776644	4425208.674689168
51.44494327931517	7143249.580925369
-32.47378535155757	1078846.7650558846
-1.9859007758811202	10.67947523976895
19.61000192659425	155826.60680983684
14.545283406289684	48064.25055797842
15.87672436056917	67810.4736559629
-6.631244684982789	1680.4041876737438
57.31393793080565	10982098.802348198
-62.09157599134241	14628238.757737335
-91.16643334593657	68328524.23751797
7.7318510932808096	4104.565485834943
21.15653402344209	210284.2013218403
49.28152504959485	6020599.156994231
-94.75619019667276	79775786.82910791
-89.75521748306454	64184020.23793143
-36.88687188734263	1802479.7477282707
90.5416026915172	67954156.36242098
77.5814810181322	36700042.6249558
-22.4071901450952	241316.9299551414
-0.24856116535916328	0.8016818155580112
67.55415926871794	21139040.225098778
-42.0067207987973	3041288.1859989404
59.764266673481586	12974620.182830889
76.82575899762003	35295353.131649114
-79.23422755050191	38922835.08656047
65.67259107345146	18888631.58112302
-76.42776122960021	33678984.5562809
-21.4180409146431	201048.64858969083
-37.44721746917197	1915282.5670941782
5.822279266355636	1387.2281386352856
-53.60129560172311	8103515.9074614
97.66358273262597	91917959.03235121
86.92012870619266	57744002.647475965
5.689522123486341	1271.0935395883666
32.579446142349155	1162288.5620925212
42.39042025188087	3307034.848787228
-56.17876486068545	9786472.140924525
-94.80279543342758	79933261.90520297
32.883289177413474	1205905.092013369
88.46966357488759	61960429.94080767
91.4485116879753	70710154.12075049
-41.68202219458674	2947806.1371394494
-1.839882737542652	7.77633837731209
2.51731380136124	65.96197566494328
42.91540780796831	3472901.9344084878
-11.112261205073963	13989.092507316043
-40.19805264052812	2547700.596990709
-77.29102505067256	35231680.27694868
93.53237169860307	77359925.10728163
-17.298570873788606	84651.41737005637
77.62236487587842	36777211.55123347
98.04211545536609	93347590.40687394
71.13854914421412	25975758.606659934
47.75527320067229	5312220.200148638
94.64045802844902	81081287.81079693
-65.40919098465852	18028753.41142898
-72.43628531515225	27156272.197752777
49.19074085655376	5976586.546990164
20.240363377679202	176554.23038890623
-68.82222253668039	22113108.62196074
35.41159178733585	1618163.779101916
-14.811087859386134	45078.935111254206
-52.68682610154685	7562100.708387963
32.93685552314912	1213720.001836506
64.53801632412598	17621562.33498265
99.77499237561176	100106323.42666087
-14.418438094849392	40415.820611074145
-97.98382369123509	91244708.86814943
-85.62273079948415	53126781.131289765
-79.15774034097657	38772292.0494748
-95.3506662145776	81802002.85809144
21.648055550306978	230258.25927796515
75.89812284795724	33626699.33414607
73.86125956350412	30170803.22308303
95.40550653945402	83727838.86415665
-28.472266149362028	634887.3384926195
52.14049197591464	7535476.513617515
-35.73467258855388	1586254.5129332456
46.458708578699	4761223.533062508
-76.18882552413484	33258446.647048026
-42.45793385076624	3174864.6041304604
-75.40789922046105	31911406.847438157
73.04771984039559	28867759.571989078
-88.26084624484365	60003894.10234901
14.637508730102127	49271.9950643676
-71.0323432956807	25104591.945752002
-23.44016817690016	289533.9450413177
-16.977217371227013	78453.14977685016
87.61850562855628	59616780.934139565
-17.23234506635805	83345.02219506311
93.56620758754127	77471624.74171355
-87.19623601198609	57152948.4678692
-88.02580888119793	59365508.82462147
-79.89830478789935	40248379.90662142
98.9327968029339	96777249.6804522
75.16157608596728	32344499.91559014
-27.540770356879364	555155.6396658616
51.694574759009555	7282212.540309441
-33.103151287432524	1165607.1249862425
24.40212280876854	369728.33759257506
-5.9016926918308314	1037.4997373735073
-74.99680287773727	31218959.673927885
9.067599678309833	7598.192062556398
38.74830782461825	2314015.2307571582
56.89583731482725	10666526.061735902
88.93024502610106	63257082.98245133
79.8732327398028	41217027.615011334
-91.7881256039066	70216649.8414569
65.78447757493404	19017183.155772783
64.03656196313261	17082346.110145852
29.566636498071063	790952.6439129125
34.14942653368854	1401009.3899867663
86.9685657711714	57872448.70813777
-40.9988399568408	2758166.964204156
49.60456148739013	6179182.797478523
-75.02134725237583	31259982.715121876
29.483103151220234	782129.4470234456
34.52157041890837	1462609.3812109083
-42.08130969163966	3063072.9845998925
27.560599903122977	598694.7162029948
32.88622036896268	1206331.751037154
33.05800341693356	1231534.6039407817
-56.02103050666296	9676546.903407399
47.9975720206088	5420270.004250785
13.302080823772172	33854.64722647234
-40.95785570887396	2747089.2984913522
-90.0697382653238	65090920.80099601
-79.04552456695603	38552218.48569525
57.605359767455184	11206162.37060289
36.280682375705396	1781723.2639187213
52.63715784792231	7825278.911571841
-74.03326868110449	29640174.556179997
-52.41843212714548	7408478.039004104
28.657214019787745	698813.6552203838
-31.135840618903003	910569.9784103201
58.05119396485662	11555561.255256053
16.158833991797323	72674.81000266987
63.78947496238564	16821250.794440974
-56.94152180567429	10331311.40684138
87.94518985092722	60508291.94450883
0.9945490112454678	4.945786436287845
3.7763551673901503	276.2633605267297
-23.394274655145736	287250.02451972873
-60.709644358299684	13363967.19100244
0.6185506914826817	2.3842027645464317
-22.563376296624	248189.2616777843
3.762893250811757	272.69007485983354
68.23403424774733	21999665.33802812
84.97064509072553	52749346.945150964
-74.0237546187575	29624890.436872352
52.677282248018855	7849050.728334461
-53.50656076053386	8046118.136617045
-46.58085280203848	4608981.415161884
-15.683323653351763	56873.29727552115
40.14829690050496	2664543.1532073654
-63.666394994898724	16176056.176190132
-14.376344030380395	39938.33035621756
-39.054314590123205	2268275.4984525084
16.38296543537126	76722.3934524288
8.958633651466144	7250.414672083157
97.72427873556839	92146080.90742664
29.797394414034358	815714.5982375897
-72.19608490894116	26796642.55343845
-78.83324163970948	38138460.82368228
62.464400802368004	15471742.862441758
-95.19580374305869	81270493.578257
-40.08628115150059	2519312.324359545
-21.722403437660162	212855.65856473186
26.323504734780286	499108.2058322074
25.14008218999406	416001.290864359
62.12729255963498	15141781.63297563
47.25132718613426	5092673.7586151585
-14.072470144141391	36615.758443463164
-41.52701638587051	2903947.330426887
-56.50727666978839	10018416.563484436
-10.274306922034498	10154.922554024946
-3.104169642005573	70.47030157482081
-1.9331608243164737	9.545510733715723
58.06162237509196	11563830.526338514
-28.408656374494342	629184.9255428698
37.696822666907906	2074413.184362887
0.5313497226079562	2.043411216814623
-11.319978430314222	15087.607781782091
84.60732232395497	51855573.08896412
-9.637253986616884	7815.2381966849825
99.19627980272051	97809691.69002557
82.49743175781143	46887623.40939815
45.28213780310139	4299381.949255171
-97.05255342156897	87816459.2464771
60.48884845252866	13612598.054786056
-29.48208296830188	730711.9316200622
-19.119595163669857	126991.42420326933
-41.96904703689959	3030329.277133176
11.287589543262172	17811.071383819886
34.52708542055569	1463537.2695286463
45.940789524357484	4553565.341482187
94.61609093417394	80998038.77139834
18.737386007040158	130213.26038962518
83.92046687483096	50196994.82401287
77.60621352485322	36746711.0939672
88.56414567181162	62224780.471199594
-50.90505092558302	6585591.088262438
83.05889353846374	48173150.52670222
2.9530495195656385	114.472769447369
60.690321545653035	13794096.926841928
86.71461336987068	57201390.9753602
-6.79027108088215	1853.1606771451177
74.79054833414355	31712672.95307812
-15.810758269321568	58772.833670767184
25.68212644610439	452660.175777496
-0.9591777386882541	0.9248199968982861
-56.156608416409995	9770975.03235504
-19.888238126108277	148963.50621140984
49.630330060566706	6191966.50671527
81.00227514490163	43589686.77868884
-93.32742417601729	75059976.21992184
-33.64280796352406	1244079.4222070253
-21.851962921886354	218036.32386265468
-41.000259909572456	2758551.363912375
74.9811357400308	32036058.467100926
-31.823524343816672	994388.6889903152
33.681855936190374	1326396.4429240755
-97.51423201832812	89503712.13263252
68.22877360237689	21992906.90315182
32.32354407850298	1126481.2199608348
22.187113555950134	253765.25295949995
60.237569696352466	13388748.256597476
-89.2596390537033	62774323.21938422
-48.35549028885136	5356652.661088005
-90.98426637252975	67782555.63205048
33.819829467507816	1348095.7421278567
-73.67479082376303	29068360.8530012
46.855479083686475	4925050.372772566
27.903567120679455	628765.548027853
-65.80189801427305	18467295.64871718
7.029359995844601	2846.3113632743143
-54.12388817961089	8425682.66700068
13.802186936701474	39125.01296377895
-10.238331141704208	10010.318499292554
-32.17030216954333	1038786.4729757939
74.19524377150151	30718320.591982815
-59.325694905316894	12181810.438681679
-26.876403876581946	503059.1775013413
23.58424757626834	323075.8090268413
38.896027477408694	2349267.9292116496
44.643806953785344	4063342.952426697
33.35249383156855	1275656.6254243103
-65.0867956378822	17674606.751842897
95.37213812635574	83611073.74359888
31.461058151518728	1011862.794495357
-17.478229547526865	88272.84060054939
-9.440101746566981	7180.991914460856
-42.40345089951458	3158506.3376693656
-43.6202100965926	3539216.720291709
-14.284931567526797	38915.9872598392
49.16803806740256	5965617.950141664
72.7948291810263	28471443.707814246
76.10689390374162	33996968.024852894
42.214089695958336	3252680.662550299
-3.0627274468681236	66.57828858497116
4.808708843615122	674.8320487590208
23.464900066976327	316656.92694735806
-67.74531696598211	20756459.529435705
-43.078482221318495	3365699.501317434
-58.55984487126263	11562347.842921296
61.85069183651444	14875010.755347542
-44.18044546293088	3725631.9241101556
4.69657340054259	617.8970760086825
-51.65531161247012	6984458.526325671
-95.76070761843707	83221913.53008413
3.111944200441741	137.71648653768383
24.037601258201107	348352.0112610419
10.979240716053312	15986.791606653695
-22.118072276198134	228973.2926278018
-35.213187635860095	1495064.5970164074
30.468490209891	891039.1157914646
24.585026268304787	380817.56401111046
59.84078512302139	13040911.723367637
-84.36523119495544	50065260.95838705
-29.364556482612784	719035.4564412659
-82.51577642559762	45805373.58207591
-66.18116858293189	18898381.12997389
83.56131071613922	49345736.879483424
-46.75437779424709	4678409.362143804
78.8907197545974	39232309.4940089
8.025438280935802	4738.679410122706
-69.76326613041309	23352111.463401448
6.329088670105648	1905.5054189595653
12.913600522573887	30143.417916896753
28.12061546106068	648372.4343463896
29.50369743746893	784297.8230490149
-76.80331778884386	34348026.52368131
-49.766633640109625	6013301.22168967
2.1504746821468217	39.10635792579442
-61.75858111270593	14315727.81231855
-91.47544821935803	69262200.60575032
-35.81900240588732	1601383.7633969919
-32.98851333393293	1149427.4440207612
-63.90063579573939	16416362.957253179
77.1692530252989	35928723.322067626
29.881348293388015	824866.119950158
-91.66951030790014	69853422.4160092
-39.056350361220325	2268751.438355675
-48.87924973739346	5593746.037402891
-54.45016393846149	8631636.141044408
61.71565853375796	14746064.426895019
-41.09861294758761	2785274.7458541733
5.2897888956045875	965.2746786484631
-92.42457477704535	72189856.09270717
-16.01318130039408	61887.50666038606
13.79110691758845	39001.97750011851
48.749602081044884	5766145.769372538
6.959314807098423	2739.1100338421197
43.629375407647046	3708395.166537435
81.05149176694098	43695391.31647972
71.21451785703056	26086497.553626474
28.87719895509028	720321.1537417028
91.51382870036014	70911829.72913845
-96.20233006840681	84771775.50748701
76.17776373016036	34123352.61093086
-43.17259637148923	3395376.30928394
-30.394339428150133	826251.4087517725
37.482222645284395	2027894.629006903
35.590137810182426	1650806.0369124836
-46.78820191172295	4692033.335824078
-0.28448648850323366	0.779971932843323
4.831552895133171	686.9005851688878
65.28815913787514	18451901.460550513
-80.89878795875485	42308984.39449628
-11.644684159587612	16932.94939244725
-30.430960289545467	830272.4993850186
5.969157874068799	1524.8433140405507
93.627340302882	77673743.79685062
-96.43690244071085	85603750.54233366
-5.030567596791769	534.3939559571968
96.38654622489202	87215759.93414533
-96.96352831009796	87493871.23049308
81.56210549521685	44803437.27092521
-88.03634544212503	59394017.63565092
58.20238928700411	11675887.37339928
28.770039255939167	709783.2668970277
-28.642841650214663	650370.2973572236
-32.77203915605256	1119334.920186799
-10.448844737799746	10878.855313640934
-78.33362571338738	37177813.11902309
16.11265562747286	71861.19574791947
4.993235008329464	777.0433053901897
10.6418168747078	14155.227237052417
76.61277258332277	34906856.00313954
94.34193256468143	80065801.1343015
-21.31029225641086	196988.95143568053
9.69973564397155	9869.346046477807
-30.115885256088944	796152.0635765729
-59.003881586974735	11918554.016583497
2.9583621677561354	115.19744976531379
-18.86824928150368	120364.55322937905
-12.831560973222693	25149.393309317602
-63.87712463267514	16392122.826730385
-4.312767191120059	281.0284361942563
40.54347621706711	2770320.8074486624
36.53691958778603	1832229.4551577845
-68.83103236346935	22124474.012919076
-19.391130168452847	134454.22998989196
-37.88952767801697	2007998.085784327
-52.27631664982222	7328088.561324461
-72.32485377256859	26988988.97720231
-15.624262814980867	56008.73298574797
-91.67446760359901	69868574.52068658
-53.7416336270184	8189107.396428911
-27.877652600398875	583067.9196739785
-84.04292242017524	49302342.30789128
-30.993134773153614	893862.5531616624
-55.4168849001595	9264061.849421896
-7.599657523901257	2947.8547640359807
-29.1009635709798	693356.3048924528
47.305153197173496	5115792.715607913
47.016546575772196	4992747.555163942
-9.837332296805656	8500.980750053968
72.16672755871053	27504773.037653297
-26.36164705982668	465286.5554144954
-29.88692344478558	772025.103406973
-52.41777328457542	7408103.83695775
27.22271647559846	570137.4798263034
-50.26443916175276	6258755.653154077
2.9094400782883554	108.65577375590598
22.448863037271266	265807.60306702537
-32.15867841574752	1037274.6487987092
-70.3268146284561	24118589.4992468
-20.55921980660935	170372.7865926681
14.468712590387128	47078.50666753358
84.3169215603157	51149394.20683397
-53.00306183900398	7746159.025526079
-12.935157176304514	25986.505301128065
-23.045437158032158	270328.69249682315
77.66718614710265	36861952.183056794
17.642082641006	102693.11609296399
-85.8938032884774	53804718.06282977
16.471663479789015	78370.01610011805
91.81990716228736	71862644.16813034
-11.063349428139773	13739.402925152093
31.13288426339753	970635.2682407618
74.2965218723873	30885813.789363552
22.65369192619289	275526.21372463036
76.03833304203357	33875035.51971909
-83.73677050807594	48585774.3459114
-13.351430710275977	29562.751741593656
60.40871052581434	13540905.29536094
-73.69741344109615	29104199.920114093
-86.64350922037218	55713495.89377167
3.1478683538853005	143.4391784738154
-3.0934298325279173	69.4455531174597
-32.527507519696044	1086057.1348498338
39.46972270509147	2490011.2882247544
-36.11430233255328	1655216.675891747
57.57057089968967	11179235.848401114
42.878635832925625	3461085.043143768
-86.59161875348174	55579769.32278431
-33.620626973971994	1240778.1074096356
59.22931463769291	12518199.180462664
-85.66210698154539	53224858.78532223
-66.06655341283258	18767320.329035107
-38.82223354154597	2214506.6006427123
-23.864959341711085	311326.2902817568
-73.87388633054127	29384909.571326554
93.99311845128818	78891366.9901623
-55.4207581067695	9266663.541899396
56.054781754735785	10052365.799401853
88.4833165538493	61998577.31558493
-70.77110560561972	24736045.179032452
-37.94456045844583	2019764.9481756417
-4.012510230997719	207.7030320576417
-74.00987782633126	29602608.292827234
86.21178480006998	55889923.9751
-80.58048236928548	41645017.159398325
-28.392637710178874	627754.979475034
-78.45369893439127	37407010.56550102
-62.36521927766117	14888855.90181661
13.803353411548585	39137.98273496902
-10.202261051058017	9866.892567488012
-35.16067921004158	1486105.7284234844
-54.016412001121395	8358655.051474928
90.72123455448514	68493524.89314222
22.569922838838778	271519.9256061977
78.81094415699013	39074368.39741313
-95.29828919503176	81621946.86303602
37.38099047221718	2006224.3548464589
16.42914304015872	77576.89372186827
-0.9111492081223673	0.85183430373844
-80.24408861046086	40951845.02938631
-96.49731052527757	85818992.31481805
89.07277753635242	63662440.34977288
-42.74793096561804	3263006.8219324932
57.45074619002676	11086863.011554563
-8.285384913472598	4205.083822863407
-7.063500885722746	2180.7258936882195
-75.11801238337569	31421940.427445434
92.88038330255921	75231062.70107575
75.75345622479833	33371903.84423394
60.807617429452165	13900596.393040722
78.36342868753968	38197192.14505517
72.9756856551501	28754452.966873016
38.79181931081209	2324357.556955774
-87.09285382872834	56881616.31908232
48.07290280378737	5454196.160770406
95.97697739537924	85746617.77677128
-64.89895537074845	17470687.756778337
85.06889446465195	52993012.40600237
65.72450803167388	18948200.05632104
-84.27239421933459	49844610.44731992
58.42917539757903	11858129.940203687
73.81456154658954	30094836.148132656
77.16488145977857	35920609.417060144
61.45911022546869	14503392.171289051
-27.77613456506201	574548.3847775927
26.253072397265413	493840.180151333
-82.12172020964502	44934060.7035999
-98.6906426601017	93912951.45693153
0.12554323140084023	1.1435314465124786
-53.809595663555584	8230799.947149723
-17.003787299549927	78952.2935612566
-2.6704714723100267	37.27381943689144
21.15345911436674	210163.49200669082
91.84259584062167	71933503.80602956
-3.3497864334395473	97.1954903713662
65.10460744349825	18246071.72114251
-58.32762931769477	11379276.023521874
-44.568695192338346	3859073.12351502
69.7486326442131	24011230.97311191
14.2731852410827	44630.178362181
-64.53020927881059	17075515.094379984
81.91378918726261	45578763.671023056
25.032395023150272	408992.1003442029
-47.87419071412771	5145500.802185326
14.866254054262342	52365.831093003704
74.03820950078386	30459966.336660873
87.29534382915472	58744611.471347
13.801989744165184	39122.820743143384
52.58955824876418	7797148.464208065
17.790398674500224	106137.0837600357
-70.90567091171103	24925375.56951101
93.41066125174947	76959130.8539404
-68.2195088385233	21345897.927319005
16.779181706323513	84288.64687234534
14.40027977858756	46210.43774045867
-91.79251168589937	70230108.13834214
-82.64943284499573	46103764.47446221
-69.03973594997726	22395002.160172816
35.860134010660914	1701102.4943388517
58.49339900084988	11910124.667081332
-32.482211247313984	1079975.2732009594
-27.628697081830154	562341.9312073124
38.67678797417577	2297090.5868263775
95.10504521740572	82680838.85165441
-97.88062604761767	90859948.19831291
-78.83411698822273	38140160.0839498
42.006044064367444	3189415.0608153185
-3.0571808427295224	66.07002358300032
32.57295000984877	1161369.1621431804
-93.1282466642261	74419571.23967503
54.07060134512585	8708673.09550725
45.26487914870518	4292868.06078898
-36.55481554321658	1738030.3555806875
66.95450421639171	20401144.51545497
8.858198964280902	6940.586488178331
-45.72199335148377	4276656.997166779
-81.67205072331545	43955031.144464515
88.13619086592874	61034137.758416325
65.84069109721932	19082016.56769122
93.66233395872166	77789618.8475581
50.488177031796795	6628984.328866378
-54.815380286099334	8866623.546538845
50.04132069754144	6398551.310394476
0.008895815234509996	1.0089756610006702
-47.860207598422555	5139461.111252956
-0.6602067610725726	0.6778851699499951
36.3200133720199	1789407.0024315647
-14.460174012421746	40893.46447762884
-71.93408344594499	26408457.950590767
-57.77354547945996	10951237.876236321
-82.09010392306206	44864695.581713654
86.35483284355894	56260698.912549525
-44.12845982563793	3708030.864358799
-45.79674257494584	4304843.045072406
89.72661096475309	65546941.06033543
-71.83418214922557	26261559.365190677
-65.1624018461682	17757186.51790079
-15.58202771617016	55396.54746462872
33.21636171021359	1255115.815724305
-82.54813188301966	45877474.57872145
73.21090492950293	29125680.92040565
90.39890109558661	67527951.48724602
-70.03477201675474	23719067.19802101
-72.30821381672826	26964075.23199384
-43.11204485301023	3376260.319917314
-8.972935376006546	5832.532415311741
-18.67786176668467	115520.23671411382
86.63044440438526	56980271.39216733
95.58414082105756	84355009.86618267
16.86216513453506	85941.69308135226
-8.178246659060136	3986.1457142807617
-81.01601436917002	42555501.17201787
0.33902836506760536	1.50614785343797
-82.91709518531792	46705707.33749236
83.4471739487341	49077495.56648689
93.56999526272509	77484136.20601416
58.57542203350994	11976778.040482318
85.86528542233387	54999407.7793115
91.79553425075699	71786582.79425569
43.773519891855216	3757356.1113829655
-30.4536565521377	832771.9798657532
-25.715452247372397	420928.5086130099
-38.10129566448781	2053560.8644147634
-92.79240517632755	73349048.7652898
40.06684199510249	2643122.2866176595
-22.28153440426972	235892.4027888277
-18.384995886042475	108355.80393940132
42.411036599710656	3313434.0620424687
97.46008457034077	91156214.38243574
-53.422680749431464	7995552.075203185
4.283049733040627	438.7192660507115
62.78817977958974	15793706.517189968
75.98500178718263	33780415.240588635
14.121957299151916	42803.08548243823
-88.47316912491938	60584998.30986777
-2.0265233918244263	11.623535435468671
-11.926808187462541	18669.456230802203
23.355394236887832	310851.96507578954
-55.762796327660794	9498585.565815572
-49.952126585996396	6103902.618775167
-95.57558327128986	82578586.67359361
20.23297255996492	176299.8418079531
19.37647682433483	148631.7721414329
-1.263714555382407	1.8654675120701123
81.8284086369325	45389614.88343358
49.182170708382586	5972444.200743221
6.547224880283892	2168.574853390078
80.34616813360375	42198779.27185414
-1.4159019115673033	2.769442717280188
20.84631126182977	198365.5183794667
-56.440358730532395	9970838.556272097
8.446794678378325	5774.045585585116
-67.46864007146135	20418229.47267517
-2.2967012623812195	19.68731343627433
-45.571436032166936	4220306.019281778
-32.892661123716096	1136028.9416550773
-62.2989360265791	14825410.876834793
-52.341015097833555	7364604.520977753
71.68784474085038	26784458.959910814
10.994696197931987	16074.736662518988
-63.59360657473327	16101922.989997245
54.10677095883702	8731888.576957379
-5.661977601842906	873.5991355257803
-82.1841251556331	45071211.19658482
85.6979032647584	54573062.04632494
-48.33364829061928	5346931.938253891
13.219239547075674	33035.97342210952
70.42908806134585	24958522.025195718
-28.77751552639394	662793.2041103188
-14.12751132850056	37201.598900681915
-52.48332309393406	7445403.60347776
43.97211440848554	3825604.066014512
-9.003961072198692	5915.662503832726
57.58639672673678	11191478.986965118
40.74081504736279	2824306.2806434473
84.02667825141009	50450829.777375326
22.072603759071058	248627.7222728742
-96.29621977193328	85104049.6691238
-61.737861433982054	14296449.62142154
46.06668420497897	4603404.737407753
-46.025504017487066	4391969.429646506
67.17707440654587	20672731.638208695
-17.814534349081555	95362.83253199208
-34.38295165012883	1358068.6774439625
-63.51709379744188	16024271.649149386
66.61258967788598	19989153.81769333
-6.420803908697636	1470.7398914373227
81.1887445752489	43991190.521674134
21.707019154887746	232746.5606739457
-73.082722524011	28142109.85385644
60.97052815786196	14049533.733666483
-22.088635244269028	227743.62967808076
-8.542205451644818	4766.623483440633
24.55172281800229	378780.0803375654
-91.13100858599958	68222096.07222132
-74.51888532698803	30428194.176742774
-64.77886831008877	17341249.467480797
16.732807584811212	83375.3217273739
-85.77381540579447	53503839.771486744
-3.802430654101016	165.7262964246588
-18.065145881296488	100917.72645331532
2.4684353316086316	61.72896884040025
-85.29198028962944	52308293.7403266
-70.70600938067552	24644844.330921065
82.73902367474929	47437578.654327646
-87.58919426942563	58193155.173784636
-89.7328626628722	64119924.31999306
-1.6354941523472064	4.819434985812271
-92.72757008308865	73143719.04035476
23.359020386137487	311042.9012091791
49.92285293100099	6338481.1521305535
28.944555607299094	727004.6718018451
78.35830912092291	38187243.51959201
-70.31406515607542	24101043.2545041
-78.01585343565571	36576326.33604535
69.201349488804	23269114.146478813
-44.130927227007064	3708864.8531770506
91.94489208993667	72253639.03637265
56.78299855264183	10582536.062367985
-55.899672511247076	9592604.783974469
14.40680488291153	46292.68633087677
69.1917614940142	23256268.13651365
96.59416090284816	87967653.09186353
59.67548561118733	12898022.069614967
-92.23797051503901	71607066.41089445
60.39463176585966	13528339.502047641
85.06328137294028	52979068.8455601
32.10499882768195	1096561.7426030927
-15.522412857234372	54541.008482130885
-20.386682578436876	164660.52834153222
-55.37539920355279	9236229.615487762
-17.953764707844485	98419.7809554054
-3.295456258768482	90.71610945333757
-66.8501135098413	19677058.051098086
-40.67499779771655	2671542.631115595
79.79904367172219	41064589.577563934
-45.946845917732745	4361863.818263469
38.64068411215641	2288582.225896183
-10.48435464747584	11030.757785801203
-57.63121951800096	10843266.243090838
43.05058181162374	3516601.1495337724
-56.15229797123802	9767962.273553904
32.50100656392917	1151223.4138130953
-59.498481545647095	12324943.515503524
-5.457116650781231	749.6650797829249
86.51696114330912	56683156.10292125
-35.78863273258857	1595922.8567608672
-20.119235206196052	156091.51072203778
9.695528718538029	9852.726390475265
-2.4549825640707468	26.09992411835037
-63.03843665365463	15544846.937840981
-39.57797526796427	2393191.740213555
-11.712351534746432	17337.903072067733
-19.891826774989426	149072.3391404607
-52.06428305716475	7209367.462519019
6.084091145687395	1639.5064547763257
29.01930784709569	734476.3639538072
-44.711715887029534	3909121.4503143406
-67.60566753568162	20585220.94335962
-15.979025746472914	61353.47031380963
67.36268366366113	20901283.834909763
-15.617571642781769	55911.4096565943
60.34329514646058	13482593.821847267
38.87489805206221	2344200.9530099733
-41.51301294627254	2900009.3159686555
-18.878521317871176	120630.18076433014
-61.11067814439293	13722057.821387324
93.23623001004833	76387444.15424424
81.86122432677604	45462243.70801371
-10.287434758476138	10208.078145795918
46.00040722323769	4577116.174977578
-71.38175503030848	25603951.673066035
23.928560740091086	342141.7222705042
81.69222975397034	45089148.516150005
-95.81813561435865	83422243.67505133
-8.59171248840586	4881.033645845876
-53.84016453433254	8249604.797686488
72.70968805405175	28338938.15934725
19.941393857203394	166481.3096617489
55.60619060886239	9735849.207601128
45.2143664770484	4273845.728076367
50.12299318931426	6440212.034185363
-36.057593479478854	1644774.9566736282
59.80201166232203	13007288.778477333
-65.99720126905844	18688348.91455078
-4.422526301494045	312.18144229805364
18.649128348060586	127811.29509564572
-15.453891343002681	53569.937486883886
-1.3794993125196982	2.5197853834895847
53.637982400206255	8434569.705443801
-83.1230779136938	47172938.05593937
-33.77331661155429	1263637.3436647183
56.53527408947622	10399886.262895767
38.43921159082586	2241535.6869677966
19.262998211390354	145226.9381815955
-21.70211716237202	212052.9157048045
-46.076273051456276	4411483.3586655045
-69.49457597226017	22993169.69772592
51.87998933150425	7386732.599337084
39.32236935699544	2453273.875594184
-39.25096103293153	2314596.1355101666
56.89447407031608	10665508.37542767
-1.6354862723685528	4.819342434538575
-59.05952123542739	11963761.451454798
31.871481347419405	1065255.449466085
0.18958890914943538	1.2336394066039804
84.3008672962487	51110565.996064454
-27.06876010510713	517748.2231645803
-12.917857588238775	25845.28234569703
52.09593665401482	7509878.108434619
4.326650120800821	455.47571794758875
-1.0381313738667188	1.0822471977903403
-71.46229624134845	25720105.325051855
-99.72520577291726	97923413.09477851
22.24853116561512	256553.37258999218
37.73741813401824	2083302.248014802
-2.307001450321877	20.063208290290053
15.391208137608231	60015.82757068851
3.7717518216971087	275.0374838138056
47.10956916469564	5032161.794591938
88.91183564349137	63204868.87196351
43.870959540310906	3790726.576063621
68.35205115170243	22151693.402178925
77.81180404418268	37136370.55824493
-82.83054636466531	46510427.75089938
-81.53891705911127	43668264.230041616
-35.75993614189201	1590775.640702398
-18.551213319007005	112379.75482572972
-51.31234968748257	6799943.2001412315
35.03819974384038	1551466.2401183033
-17.820421215751708	95490.62329863307
95.39436724277795	83688845.85618123
89.66067954627965	65355038.48963808
-37.930092067834885	2016666.3840415427
36.67229324016108	1859342.119547352
-23.355236396410135	285317.9208572114
-45.20650460168065	4086029.781010235
-68.39512352865253	21567347.627883013
-11.249659794372931	14708.73514539038
6.816396493933581	2529.8263059969095
3.7777123651417526	276.625575490472
-14.27497996254094	38805.88747252301
78.3085134589204	38090579.17862358
-24.22053631038814	330494.70937717654
-43.6376552710601	3544913.680669799
-59.84430760371728	12615204.066356298
4.631265515899699	586.4574531178254
-15.12456812095229	49082.578396671655
62.68871953493385	15694274.323824728
15.502524968884842	61740.20833843809
27.603274949678507	602376.36946612
-42.149102479855614	3082974.217131176
46.140328740133384	4632748.270839282
35.806215916480625	1690967.706339967
-78.17961566845773	36885380.364564754
21.855557564866615	239104.39550934426
57.53832420575782	11154320.328595614
87.82251311686124	60172346.90994574
-2.1849962989489455	15.950653829605532
30.248657184557203	865813.8932662726
86.0069674917201	55362239.82670121
-38.39487675427002	2118003.377758879
0.8719516977069901	3.8732518598938674
41.760599555697326	3115968.5028015072
-32.13073910542579	1033647.519980534
-45.15520574355128	4067414.5530504906
-14.95722020246717	46913.49399171371
93.93788238165038	78706582.61536059
56.99008599904175	10737061.146501878
4.112745131626937	377.6993010814178
78.15372543628018	37791273.1201577
-19.78350953407471	145813.56941754904
-60.001726740366394	12749014.524233487
5.875143121140326	1435.6310281974224
41.046090038779624	2909369.2489671507
-4.368470577816069	296.5305179356349
-26.413776676448506	469011.69425003557
-11.995781323589668	19113.580697679346
82.4540634717547	46789409.19822153
92.71284345990983	74691184.34271911
14.696955888061211	50062.46881697587
-25.4007754421325	400514.49052617105
41.4675849881302	3029956.7271099794
46.50927323673187	4781871.086651866
-32.497144470131545	1081977.5041477245