X	Class
81.5272230893703	44727077.99992345
-15.102370209551339	48790.6165145929
51.18317020801581	6999674.0185765885
79.45339764884437	40359949.21443091
99.964663355597	100867762.49925664
60.07005338731963	13241059.152321612
22.676058878612764	276603.3816970485
-6.515677960768528	1562.6685529435763
19.08649239029245	140047.73715658937
-51.27910129519524	6782251.873487251
-53.835063090124265	8246464.338105973
62.36200259194803	15370951.05629661
-29.845170225550802	767685.1653536066
98.48386206299534	95036980.4816404
45.519494995195885	4389721.265558079
-91.8900070124505	70529763.5280104
36.317210143382255	1788858.5401091473
-94.83413431914136	80039284.31386437
-62.01735729873876	14558146.785935143
80.13947669168604	41767582.2564208
9.23439656896052	8154.631866892382
-52.31988715740692	7352664.889058149
-28.995377260396964	683265.5296736057
-78.78423863424845	38043424.82758437
84.72973155346935	52155420.75172464
-30.99287032003599	893831.807151729
24.197903221417832	357634.89964094193
-9.139143252509953	6288.296000246539
-4.014839666702102	208.20929574352792
-9.360092100006412	6934.945283413499
-97.78942469879617	90520928.39766978
19.607578014517173	155750.61131279974
-3.613375360956212	133.7368467263935
73.01865200570609	28821996.922782734
-1.9351101317204495	9.585641344514347
-21.36468353765042	199030.51263286558
64.51137657187061	17592599.641681474
82.19702288525724	46210464.49106364
-97.44863551687719	89262513.3735836
-62.052733290012995	14591524.302211454
1.2029356423788329	7.4846685683669865
-74.59898142764737	30559661.852808025
-3.948065984625913	194.06134993396572
15.432313073552308	60648.307920635496
-54.767039573083935	8835247.90352814
35.41680215674515	1619109.4369734074
1.8924665038443749	26.0782683119134
40.19077543681652	2675765.6043251036
8.835964918448866	6873.3643842611045
47.71961853001508	5296457.924001938
-21.384676373421854	199784.91271598072
-87.23546372358781	57256157.34773407
-65.35910574357236	17973389.3700204
54.531681752256475	9008107.684752759
62.41344589703667	15421525.568756625
19.343419156785586	147633.78808076543
-21.960487063283637	222448.16581426337
-39.103523106518836	2279800.876520355
-69.55541964460005	23074085.460260864
61.61661679881402	14652021.580285175
76.7565293909283	35168721.22976749
19.73243428444826	159701.48805194753
-82.18316312741926	45069094.51901803
39.687571248162726	2545078.2579282536
16.450478328380186	77974.09848524767
-33.349617064229705	1200970.5788011313
12.929125327721835	30285.581934253758
48.883608148782685	5829474.42060256
55.525115013548145	9679451.384139052
-46.53216814659944	4589642.1048761215
98.15347612075871	93771330.87567051
49.21175552215112	5986753.020289049
1.3673524325207893	10.289080364079005
-55.70490069021614	9459026.195700787
26.410532342153516	505675.5766057176
-74.90414853091379	31064462.614626594
8.95760669319725	7247.195012145596
-11.781631642082061	17759.994088137533
-23.867759467792354	311473.8998629631
46.19675534615624	4655326.10237927
8.989646730064422	7348.152362856723
-80.88827953857916	42286938.54634917
92.64894412319441	74486043.31144488
33.261427105546204	1261887.997489461
-42.70346859661336	3249375.1643569865
92.79942788410617	74969828.81547157
97.63183753900643	91798815.6797142
62.90874667231273	15914872.06734516
-0.0219917602741333	0.978481475110674
48.64728137165156	5718139.513107453
70.29443508721948	24768879.868305143
16.62179808903474	81219.18922614434
74.7898498467359	31711492.293304108
45.78379524616497	4491982.499608532
-10.185805236716348	9801.974006686702
84.06667866097791	50546676.011380486
11.470040097617158	18961.563648691073
25.214038769061787	420866.9331943517
-12.239245937563197	20744.914046114034
8.179241470972912	5098.8792148542125
-23.075213254073873	271743.10930884816
84.60508556599595	51850106.093162194
61.05567057056845	14127847.750724629
-61.93062433915129	14476555.890690992
81.32942130793825	44295924.69623992
78.92017755315842	39290751.42214218
99.07869327462487	97347920.70381062
9.319349298167452	8449.52726795867
-38.30768962915485	2098709.30218161
69.02960441528114	23039814.44765283
-6.322532354931525	1379.86623332534
77.31304062548861	36196369.355643325
42.10088732966619	3218140.826006205
-79.51150088592307	39472245.60898952
11.024412611068328	16244.849605714915
-18.090697003932334	101497.40491846675
18.458671457114463	122741.32428339732
-65.6538288402977	18301015.612006944
1.8732081683196355	25.267474975118173
-92.11404682449715	71221991.06717159
81.73911069678653	45192418.15800307
13.602985792061602	36957.01133743915
-18.539227423078316	112085.89671268202
-40.881688253752735	2726590.6104628304
28.321485303864847	666923.1614865899
44.71948994902638	4090808.2074007564
-40.323256664947536	2579784.7091141054
-54.56555454673191	8705369.595675834
-27.01991260008984	513987.9688076577
70.5416311857519	25117858.88242713
5.891489265669051	1450.852149792417
-89.76698309011026	64217773.97501387
-72.23021345747371	26847521.058115408
-25.236630342674985	390165.4579294644
54.56556169209864	9030410.371008202
84.13857164806677	50719284.279025815
51.029589705426844	6916453.156259686
88.07652392368749	60869501.79290222
25.739916056875984	456706.68760821276
-87.57610881926384	58158289.64213039
-93.2312582440426	74750265.10909477
31.0142068544354	956040.9821049948
-55.969568418012194	9640884.095812472
-57.21883267812278	10534925.650442326
-7.988700437872126	3619.904567068088
-84.3211085187834	49960301.12945531
91.67513341460935	71411729.29146999
69.46279448832678	23621454.321710493
54.323205645818064	8871778.677576084
-35.511223102214046	1546684.666584086
-2.6132264316497356	34.004717733775564
81.33462286690343	44307222.588533744
-15.875138778743846	59750.38806985438
22.805559929839035	282902.2390762222
19.77816817247296	161167.31066458847
27.158571529307423	564833.6520665009
10.102997257511205	11562.789982992814
50.44547437829959	6606698.7252187375
-10.989633119122573	13369.426737291758
-16.790094263337863	75004.57388138674
98.59333330430027	95459157.51701747
-69.25423859068846	22675624.83770351
83.33890727270338	48824062.12157767
35.479382405949025	1630499.8799375058
0.942690288780426	4.458816564170723
14.68051160900616	49842.86273367233
99.54423881883375	99185779.5308628
36.35324414866275	1795918.3445624046
-48.944028376254025	5623607.351977903
-6.985856885037251	2083.5455549227613
44.501359963875245	4012024.5275127874
-91.55960037105075	69518112.41214885
-47.45739264183828	4967745.393420146
-58.58849910150967	11585090.126079805
17.937199947876508	109630.50081608626
-76.86728160876375	34462961.892787844
-3.2141007384750964	81.63132063877916
-49.61859662945871	5941721.414435176
-27.088924070056166	519306.4359825463
12.109738276926407	23440.576545242086
-7.575665397591507	2909.7354135944443
-1.8355735126289119	7.701488942898896
80.56092905709409	42650338.66778777
75.58568204852364	33078226.433958396
-58.459182128834144	11482719.207218725
-24.530325730544703	347904.6781629126
48.74872373489015	5765732.390022573
-69.75701583871881	23343714.298683386
68.51595856401468	22364142.558947694
94.10633864198493	79271145.77476425
-30.834713184175854	875585.6587584569
55.16724630159234	9433433.095674746
-91.41728439740804	69085734.29613405
73.34014636947461	29331176.17811702
-20.977552465396073	184839.5323853611
-60.75113558040375	13400686.695499059
92.61532731342842	74378290.42894322
-15.244504492274231	50682.80260060979
-65.30179103917477	17910190.467372615
2.637200650890236	77.3029253333202
36.23279487274942	1772401.3584489387
9.302103951605488	8389.025988011792
-99.12922479442582	95597755.52981083
94.41267821769145	80305587.49036114
-1.0734336377995533	1.1696543237787604
10.759075013606562	14772.806481738926
11.685119419284561	20388.45898659083
-69.5765350773062	23102216.64887829
-54.69622263565805	8789434.461653113
-5.4344454538955915	736.811949792373
-83.98725201042126	49171456.4214595
26.54392322135064	515867.2165806327
30.633676554918566	910353.4875768897
39.497177601264895	2496901.549961694
-22.65806486203772	252426.49267312017
-52.0727041232149	7214054.856643345
14.427534853450481	46554.7155650841
-27.65639491371219	564620.0722559489
33.504336329831034	1298864.314028056
93.62217061499959	77656636.30847408
-40.02193572600932	2503077.5510047358
-22.53605501342642	246976.6382843538
26.8189203572458	537363.7224012108
-49.63818938319593	5951158.142475239
-78.70487403716365	37889882.74690317
93.43401048767694	77035899.21547385
-77.9162940000916	36389388.38626641
73.46313897625936	29527743.717360135
12.1810498342723	23984.982017872037
99.91973828558429	100687018.40660083
18.102730140657755	113672.31909841
94.57322193463739	80851734.45770459
61.3774827500157	14426811.639716186
94.11884994853034	79313196.89769252
82.94050360660526	47899911.524769835
90.29588247357972	67221515.63258632
80.35795577757023	42223470.71528401
-70.44997877718338	24288585.822547033
-39.58737593186006	2395480.3175653224
-71.27361825412879	25448619.93992648
96.69294419033525	88327106.6175861
-93.82418004832994	76675177.94368649
-75.03274248113584	31279042.238895167
72.99620497827414	28786694.92290064
9.03286612516419	7486.005074132716
-15.716240634951603	57359.47761916319
41.927260272858035	3165699.9224823336
7.648566018209223	3936.9103098441533
22.180072370653576	253447.0692958275
-11.48866169203582	16026.307572325937
61.15378154994721	14218495.763790954
-76.02077102731198	32965031.002615985
-18.53017984392571	111864.4593794406
20.84201700871573	198204.1766446471
-94.22408671129654	77994300.46427132
76.69619768034198	35058643.13061698
-49.00119053882159	5650056.823050625
7.0159314716594	2825.519199379602
46.93048775939121	4956490.526657351
-98.22522006077395	92149499.68665689
73.55384401398166	29673340.828027964
52.27430301979993	7612748.604793757
83.6804409287405	49626884.925709374
-45.52985496997262	4204841.5780465035
-6.755616116413037	1814.4264759059065
-77.25808422865843	35171465.26761766
-0.9884322229314364	0.9773950738611075
-59.55630135141876	12373120.794871215
22.48650022246032	267573.79593493755
-95.18477903929481	81232754.30091482
-8.173941191836036	3977.5302778349683
71.18890077926966	26049116.268433575
33.02029483221992	1225968.7380378372
-17.64327627126019	91701.02541610216
-49.9216982520996	6088970.595699986
-42.417654511882155	3162764.8032578724
50.43173405025098	6599539.905299411
-52.35888000197726	7374711.516395422
94.6819738300047	81223272.39581318
-39.85224076236127	2460638.6907724338
31.12998427294454	970276.6644197792
-39.78524496512441	2444033.2580248327
69.12520931019102	23167247.95446494
-86.10390349032777	54334613.80137051
74.73788835206713	31623753.702271987
-98.2920839984953	92401301.75667311
63.94255167143413	16982650.422203954
-15.258212180431968	50868.155182111164
71.59754639209842	26650237.884646837
-35.11436159687595	1478236.6013706825
-31.542649232955938	959484.4508135979
-80.2507022675295	40965389.133408025
-68.0807848119326	21172176.459583353
42.47388584792543	3332999.4840072384
-96.84924718066401	87081070.17387077
-58.28377954698978	11344951.699342567
-78.43244868550062	37366370.824409574
84.68319864951525	52041283.241303
-0.6332933674808174	0.6746276900588188
31.685387726119046	1040790.9336844771
-58.55913714082808	11561786.555658104
-94.30757468428214	78271825.53972828
61.04234459145894	14115568.952400425
-30.280370787455894	813830.700565787
-97.95605959526361	91141073.67208956
-61.37366156235644	13960755.837492157
23.118209991917823	298552.683193418
-78.26976830189747	37056351.08254172
65.27749143178764	18439891.556060985
-91.50599153512252	69355002.85619102
-8.84805438052419	5506.764272024837
-74.8778253299819	31020674.623691786
-84.85942436251455	51252190.86685841
-80.45485623651345	41385131.007164635
-0.5415715909475836	0.6789101300084799
-26.45374392371953	471882.83619888587
71.83155062543813	26999110.64037146
42.82287544784262	3443223.6845846977
-85.59377154706276	53054736.372159906
27.99834408969288	637271.6218709338
19.43306896786558	150351.98119463614
50.51737561139413	6644254.867979796
-8.683553067259496	5098.722462823375
-68.71501056608957	21975147.096249554
-83.95275516932743	49090482.2897264
10.306436717670579	12495.554753611608
-21.3976552292618	200275.79754134858
83.10118644839943	48271043.612638615
82.30921086372035	46462486.01972975
-83.5823619683914	48227349.04598093
45.48367226307087	4375996.570703371
-8.246802025860205	4125.22528173238
41.05994094051809	2913273.734730589
-39.251561659727365	2314738.6925680293
-23.19382620080026	277432.605651672
37.90954424741551	2121309.9471033406
80.05736037270793	41597192.79516999
-27.91321191411133	586074.3976494282
-46.833706731645506	4710409.084401416
61.975351203783106	14994799.798485715
-12.747940000273417	24488.58636397929
25.733492769580806	456255.5845684248
14.709274200387327	50227.4495081535
-83.7549351444953	48628070.489433266
-66.31510737433537	19052406.685468387
-30.671751710495187	857078.9550138344
-32.95236850315398	1144361.1712290775
13.983059782377268	41174.961597701236
-3.462413814578724	111.7369702786681
-58.87408940102359	11813595.437927952
-30.78108628548746	869462.7688423202
41.66289946244285	3087088.694400255
66.2537706386492	19563537.497091014
-66.03638763866637	18732939.812854387
81.38887977027031	44425198.58009736
-85.4076814545853	52593528.62837529
99.00693041536894	97066907.29350014
-1.2406914874097765	1.7583002062010318
77.28423189671898	36142625.439569846
-51.69879432243669	7008117.853981315
65.63214036457492	18842316.687771536
-79.58351683856404	39615890.06528572
54.631056595262294	9073642.12979927
45.93265503821948	4550359.028955906
61.947643836656084	14968112.62457941
-32.4197563798227	1071631.4912121461
-87.54927423473895	58086839.23535209
73.74684511563089	29984931.844550688
98.12486222715623	93662314.20139806
96.2704996082764	86797593.72732618
99.7152707819678	99867464.41690981
-78.80931444460751	38092034.41521036
-8.50329389223863	4678.122136134723
-58.68919219327058	11665274.385748273
23.754883775829683	332422.08607122954
38.64533247024485	2289676.346112212
-36.60469115038823	1747598.707500208
-65.40567574405809	18024863.509306237
10.2495160154497	12229.084441094361
4.251674623004575	426.9532402962213
80.80215876893902	43161862.74210054
99.08420791428995	97369540.48475273
-47.275684271423835	4891709.763148337
-93.31553899519618	75021646.88779591
63.73893840602102	16768219.993793508
17.970865407028526	110443.64640646303
61.579078741852214	14616495.985342864
15.89212774958439	68069.57765047379
79.36183496980775	40174816.96959127
52.06196238722771	7490402.716230255
41.69753857435862	3097304.8221247518
-72.3416672921619	27014180.118131995
85.31636929399392	53610508.8862153
-25.332383056145474	396177.776102245
90.69525386920577	68415316.51107427
67.96444904705723	21655324.8494024
-19.861326339485714	148149.2510093606
-9.014074338018617	5942.951186903036
-21.292693158748932	196331.75072484277
65.68197280089646	18899385.57485291
68.32487119933072	22116610.869688835
-30.668987658650565	856767.6086034721
96.69207603656008	88323942.78170645
72.5469517103308	28086958.27624023
6.998673283625692	2798.965373229815
-30.052632583903446	789431.0462388048
55.201671595712526	9456892.75453932
60.920306532132	14003492.80554676
-44.814423003701776	3945361.722816479
-52.83053423014743	7645331.5329203205
40.62397999277562	2792249.671973461
95.93302478540073	85590068.0300382
-60.475934843350856	13158543.217371328
27.459825160241635	590067.6977399364
-3.011793192056828	62.02063022974728
95.24420204367507	83164522.14488943
39.19237630190594	2421203.517231409
-14.649823748621515	43117.46222236612
-8.096145598909146	3824.2531282109926
-88.13852637234874	59671021.883588225
72.6593143332675	28260759.393075384
69.48444844242218	23650814.936115246
-47.63893881732086	5044594.9934804635
-49.538168791699924	5903101.393053243
-16.307721718923702	66638.7638241039
93.30079678865914	76598684.82917584
-43.86285500390015	3619074.9365615747
-83.25351630961073	47470618.74498788
-36.500476971961795	1727650.5923989946
24.56656360623346	379687.0174697203
-83.6900244125834	48477053.478194416
-98.2924970913982	92402859.02022529
-95.6615034784941	82876702.94914822
1.5306336578230173	13.948398312555723
44.94206599999379	4172388.0368660223
-41.549229193677164	2910202.189604561
-5.440612272181639	740.2916058161284
18.246566285013756	117274.31071387677
67.11621186139894	20598197.525405142
-18.638495183054914	114537.10859138302
7.957844687392452	4586.579812260993
-57.254757874889606	10561522.078635551
-67.54358296377623	20509433.836650517
-7.480676695577458	2762.437487316628
-99.02668778897754	95201847.77682237
27.498466856978922	593364.5958520836
45.33715741205273	4320197.35182857
57.50868313717987	11131454.812658064
84.51027708605702	51618776.145335436
-8.380582007590391	4407.086977357398
-77.55639180257252	35719588.94371724
-1.0118774621135316	1.024324267361057
-2.7961047727558537	45.285866432605346
9.169983188437826	7936.240796967267
54.865640637939094	9229760.73219344
-75.49869997080751	32065891.06298703
-37.21518234484225	1867948.1895696854
-64.56762861745955	17115307.456440605
10.20109071871076	12005.764074476487
72.68825655248224	28305657.201863077
65.83926334346955	19080367.830582518
27.63970534765916	605532.6999176353
85.4354211386127	53909480.7533454
2.1979836226240224	41.98770110724337
14.827258354541712	51828.37483498795
37.01601071653053	1929534.0550379942
76.21204949045088	34184621.89931042
75.62342873494566	33144129.799657952
-80.02888332989215	40512955.93551198
43.833497340096784	3777870.5863526007
-25.37138020744176	398646.2186021834
-53.322279642168425	7935340.283766671
-16.147311735064676	64018.50099899922
21.759629039627896	234983.71104458958
31.816604105810654	1057996.735982224
30.23020669015372	863721.3984011477
-31.71420110676621	980691.8666898203
-55.48215864913284	9307980.479131112
66.97906207060589	20430978.678319883
-99.6725966798881	97716430.19970566
73.36893649682642	29377100.48901129
22.719396470472603	278699.459869101
-5.177867899642479	602.6052168396618
-87.61085576167211	58250905.59493758
-90.13232130417576	65272515.25681462
83.46422159894075	49117490.876705945
-41.3320985074346	2849492.2782538626
74.35359553465236	30980503.147734758
-57.377268123924495	10652598.67990607
81.50337070678901	44674920.20228852
35.856155949168084	1700353.1998477222
40.937291005149746	2878835.7964710356
29.399023862696197	773323.3459282605
38.17755168538537	2181521.901547203
-71.21885523037825	25370226.41413495
-71.56151383457829	25863736.16852302
63.30734640891379	16320418.612277968
-12.816701566477406	25031.00221171165
31.52803651399512	1020435.920229804
-98.5287682640379	93296776.47385243
53.790399225424466	8530390.067948593
14.40433981318543	46261.60135809265
-48.42460653563789	5387500.012462567
-98.04558776207683	91475572.94772945
10.15632068199217	11802.038093146115
-36.49520149228107	1726645.3514459599
-70.7328799911876	24682459.864210833
14.976114951550315	53902.484582617166
-9.954627866759552	8923.432875944043
-82.80519366140462	46453340.73981949
1.3415054368955452	9.794057621564711
42.88146470858996	3461993.0466848747
15.236641549726485	57681.71626303353
-69.14534312801823	22532835.01782469
-23.31984958951574	283574.97538509
-73.30523747157416	28487582.678098235
-98.99495689461621	95079580.4965217
78.85215820557713	39155905.01201833
-17.925012106980518	97782.54962153146
69.95373925206076	24293878.0394745
-94.9249051402484	80346965.7816069
40.541429177124854	2769764.8925472386
27.656776560292244	607016.0112987143
-53.87449757661966	8270763.628430317
-8.03919068566843	3714.88210469219
47.09199834026444	5024699.114457073
-47.21344791426154	4865868.837129096
47.53613593988413	5215897.651170688
-23.591702959114883	297172.01710992656
29.976898896635618	835375.2275312581
-9.104884295011573	6192.239586732861
38.71173925878196	2305349.907611812
98.55092713520273	95295451.11883016
-4.723179713983512	410.8844367184687
-51.65561578009616	6984623.818266433
9.502091681393637	9110.97157626143
91.57236917426113	71092948.12349659
87.83754218244292	60213427.9938289
65.27617627121822	18438411.329574246
46.314974848788694	4702896.460831368
13.317749430036358	34011.18749300008
98.61053091031866	95525607.8919213
9.941366202480012	10859.804436935141
-47.651053512115496	5049754.756197986
-47.536356972734104	5001062.759857383
-15.974804408669584	61287.708818933206
-34.120235337968154	1316748.0438006998
-78.23626710151812	36992748.20633572
89.28813314874986	64278595.67338882
49.50855950702507	6131730.690986127
87.9156228577065	60427195.651034854
-15.354883714857053	52189.808973940686
-1.3256816221296503	2.19052155292026
15.293354066487552	58530.07024789941
81.36416061496479	44371420.168783374
99.94531362312523	100789884.17981978
0.4742882661840042	1.8565306816041411
26.740511842408196	531167.3467362764
93.4776021461523	77179374.948283
45.97088319464967	4565441.881991956
80.84757117836742	43258671.36588583
50.15783506571677	6458046.468457649
-54.195272593892696	8470423.874337222
46.43090257725629	4749897.777320909
19.04404987962627	138823.29847920712
-37.90930888273785	2012221.6785119518
-4.335098175297077	287.16786038000294
34.869674081342794	1522048.231239614
-86.97041311849691	56561515.027948715
34.62799008818371	1480592.357136423
57.54750032641002	11161406.046066437
2.4099762349469813	56.94776362499304
-88.76429242625383	61388619.29674007
71.82602759995106	26990837.2067125
78.85162214614027	39154843.67002596
-88.60883552460103	60958505.700968936
-13.613702573149183	31997.935236660844
76.01780271820263	33838587.131480195
-45.55773201399458	4215204.643932534
-19.56582401388711	139426.31553691265
50.539017435587	6655590.319991102
94.85732248392011	81825025.25403363
70.43027201442618	24960194.291989785
77.3385384645238	36243986.6470537
-52.28672818457627	7333955.668135591
78.01576211727468	37525990.070747055
-44.855281060633054	3959848.3500277842
-60.68830611477707	13345112.373502381
18.210461084984985	116362.21734584143
94.97251919874537	82222167.40242821
-65.29651782184393	17904384.261166435
-50.62030573305003	6438774.985253706
-70.24641338455677	24008098.780997075
71.69836002478499	26800121.957679972
54.49186706626469	8981951.069376023
93.40224813315825	76931484.00120793
46.95594440009529	4967194.904145943
-46.93016000998939	4749537.2468487015
-23.114461315591186	273615.93351997196
-31.249078373241673	923993.1958112512
-94.17830839016284	77842440.90589929
-74.89592250619899	31050773.850215927
96.88121379726869	89015233.06197402
28.901020083247715	722679.5336571406
60.03988484289377	13214591.751153046
3.0319937779744066	125.60905377275277
-29.947622363044076	778367.0977428445
-49.133545085081096	5711656.593202064
-53.167492498487846	7843179.627642676
40.150248259631326	2665057.909906615
41.945389802768744	3171145.4354177085
69.1404521578612	23187614.17978554
10.842221755515567	15222.829516531328
53.35391973149427	8258144.000418224
61.21367431371149	14274046.690724388
-70.28235907443559	24057449.80726952
94.90774872508527	81998692.89693972
19.736596201825037	159834.46687532507
-89.98673085701805	64850646.75287047
-9.829200852528317	8472.261910850708
-24.64167497140643	354327.43566182075
-55.316436208130426	9196780.050469298
84.92339981425488	52632474.94489067
6.524220679477423	2139.61410074566
48.92189971780263	5847665.711893331
7.625089911013987	3890.596750748024
-61.70497957281555	14265895.360478306
85.44537351312567	53934530.40917142
80.96372750520842	43507030.47157636
-13.238765262095995	28560.522353341206
90.49781635776787	67823166.40552981
34.851354103851776	1518875.683480321
53.25718462123348	8198700.31355483
46.12093069744677	4625005.585516871
-36.183580535529835	1668040.152039061
-41.410230735237306	2871227.6006746204
12.822290481957666	29317.381453416852
-66.43252159229252	19188202.230868347
96.59812358649418	87982051.38184182
86.38003914086323	56326223.337731
-52.46115404483056	7432773.037400757
43.285778866592665	3593617.463059267
98.39783025678437	94706181.82524191
72.16324607101836	27499484.49170116
-78.48469405636504	37466346.18065407
-92.22580081007115	71569181.7920717
-74.51653668724904	30424345.59290238
92.30585037433733	73391798.83949348
52.75859117711326	7897388.484162643
-42.28825835329027	3124128.477090058
86.79704015517694	57418556.807645425
-36.298955395753765	1689561.3795538526
98.25253576892027	94149475.46978176
-66.96311361917218	19810932.96979248
-1.5847300341965536	4.2537725870577
-27.39793234036867	543628.5443687353
-80.48200430675547	41441189.62743598
59.01608317453301	12339668.905278463
51.33428076082137	7082287.282076605
9.240834931701599	8176.706374593889
26.796181484346377	535561.1894288575
28.995546660312982	732095.1532787796
11.842264633060594	21480.873680103687
12.450528481870066	26128.347754779807
40.1805169039811	2673052.150487596
-77.01763360879583	34734262.33793381
35.86994558182306	1702951.6281186685
67.03430377469974	20498208.76782336
-33.55860164059912	1231581.4196944197
37.77356141526664	2091240.4446592857
99.91436186045078	100665404.07350992
26.63301936315247	522759.8517924423
56.822276774676936	10611715.781316867
-77.15294981047111	34979798.3503191
75.39834368041858	32752598.444190547
-61.10316830319948	13715286.755125782
31.71852023229215	1045115.4909851387
15.950037228573294	69050.33827386677
-44.70678070441261	3907386.3785186657
7.785081721496496	4214.495641756141
66.21452536207755	19517402.26815578
-51.18272856122732	6731167.374635313
54.238901097537706	8817091.063835045
-56.537951291413876	10040282.746684425
20.887455966817754	199916.38797033238
-23.661444237903055	300737.64816665545
27.766625321870862	616626.0302005183
-29.501836861437567	732688.3921577072
-84.0793576666502	49388146.03906898
13.099010274328677	31874.357713532627
4.980928571182218	769.8843745953785
-79.9417387029654	40336240.68684255
-64.50421002240194	17047907.92556785
11.726461867990935	20671.71584382054
-56.95705704313989	10342639.389775194
-23.22120279616047	278758.3689967566
-91.96976016860157	70775599.91825795
88.3887256930042	61734645.24950207
4.75381370975785	646.4860472406392
-27.457843532933907	548441.3233276893
87.57471816638278	59498039.43485198
38.263686373769076	2201142.8062940463
-52.07277758453648	7214095.757265016
-94.97825186930058	80528205.97971469
88.11885512548034	60986269.75193595
61.30122786432483	14355545.887428358
22.587247592463	272344.8804109516
-45.34596869071379	4136961.2931162384
-62.861947322160304	15370818.521978593
34.6013354849259	1476072.7371327712
78.84036163351163	39132554.011498645
86.32186526913995	56175085.14965093
-19.63769565243905	141511.4464540599
-88.78766914199403	61453493.63717782
-23.06096801735049	271065.7447322028
0.6267810076864748	2.42020374021807
-35.087781239570745	1473734.871902262
83.39386351180849	48952582.12801734
1.1595226294870429	6.8706457978471045
6.791854214641518	2495.135319798977
51.664251831540156	7265225.324173147
16.73880609512655	83493.04055523894
-31.930717837631278	1007957.5115380677
93.12124203695768	76012324.66743538
-25.37931543618788	399149.91211456107
-99.66195985766828	97674621.06654765
29.968578298094684	834456.1185149294
-69.19268419510844	22594828.15442457
-37.628560213013444	1952897.6842256445
39.0452387520497	2385284.001217185
-69.32500022564012	22768774.5238775
26.832053252124794	538406.850913274
36.69893932793465	1864714.049834529
53.853892025277446	8570546.236977555
-14.045686393044264	36333.198057432804
-20.065675235920892	154416.4782846338
-35.427005206932066	1531964.6557822984
-90.87467352508318	67455677.63122357
18.329470975877513	119388.9514245109
9.550555764067198	9292.732037673257
-7.61457338482721	2971.7417953759364
18.1947629985592	115967.31516805843
-93.68040570721661	76205041.56608172
65.51894541036106	18713164.345233385
5.094924004133873	838.13926336206
-43.686481095581684	3560894.9886904624
-35.45545739840699	1536925.8609898896
10.814341675111237	15070.80062766479
80.75000903839586	43050892.265201785
-22.029768339211927	225299.46760081325
33.775925133528574	1341162.1791583665
-33.40556415233253	1209108.793136239
47.50325934110137	5201560.446194259
6.007432214175637	1562.3337221143088
-13.5007877570511	30931.780640631423
68.35170087890418	22151241.022146896
-75.66535063670247	32350881.483847186
-71.004227274105	25064730.155312493
-9.909796403282783	8760.150314968425
49.35647276826322	6057116.980895467
-93.94610912825515	77075582.97404373
-2.9557581260338566	57.28428790511258
-39.314244948988964	2329652.6378235403
19.065161756420252	139431.35398747443
-53.10893309696727	7808523.384106798
-44.676321703803154	3896690.628177946
72.80669055293143	28489940.428406116
-36.46381484654408	1720673.7027373523
33.78020037724272	1341836.1660655334
64.70207906220446	17800720.16406721
74.99590406607771	32061219.944118798
37.3963943573969	2009510.5316541027
20.934888483526663	201715.5322777112
65.24326142250052	18401394.35221315
-28.382942291008547	626890.6787347546
-48.360306941643195	5358798.082064659
-38.19052780467964	2072989.944131191
0.21474702302737114	1.2728933532475741
88.55886681923911	62209988.551674366
39.63870621105136	2532647.6524457424
87.85393363853933	60258257.07207092
-16.535565793104823	70497.84903022856
58.56208612301671	11965922.044054199
0.8925497300186862	4.034883337370842
-47.24938550697	4880777.826029354
91.58313179801556	71126284.32938401
69.46501904464338	23624469.338844698
72.38270905127956	27834353.625320863
35.58818080366882	1650445.5970405138
73.14314985724397	29018382.067404874
39.36138977251494	2462962.408333778
39.20989680404759	2425507.528659356
-81.04999728174455	42627165.21443626
73.24373389907274	29177776.693195578
9.304454864404505	8397.254400190604
37.604314244758086	2054263.1960021995
-54.37353808185084	8582932.449452234
83.14668867604425	48376531.66198706
-17.45043991123299	87705.21976976766
-67.78400718651179	20804090.022743817
-83.9320972251301	49042039.98117073
-2.8694103277117478	50.52955013181841
-51.3919241565683	6842424.974413269
-77.243341572265	35144541.0732105
97.40045553919398	90933907.6392955
-62.85936103224967	15368279.208812084
82.99838605748454	48033356.15804232
23.233554109957026	304487.3787779752
10.223177804006724	12107.238590284287
4.224936399179626	417.1161352199813
91.5484166465269	71018799.50280677
67.21203597883823	20715638.002569936
45.852272461137716	4518766.163751624
-82.26525079805674	45249974.1973405
60.38057430684455	13515801.448704226
52.354834749396474	7659538.942157862
-84.73068967211492	50940991.020145826
-59.272316354167074	12137845.829247667
42.47922087020032	3334664.2953214534
-21.37074504327765	199259.00845430614
39.001463686429304	2374675.111898239
-40.94956241997745	2744851.7644655732
57.58759264501191	11192404.578915061
81.04843153535103	43688813.13324591
71.35248936512332	26288522.501693953
-44.20604461888209	3734322.1592206163
57.79625101882715	11354778.64906351
67.90858163789042	21584474.256571256
-67.80853656283	20834329.91140567
50.73447168174559	6758622.67580761
3.6227959793083215	237.55183469958985
-72.10273430197518	26657845.782328192
26.335982406097884	500045.8576262192
-88.45808994549422	60543589.60405944
-54.14345156514857	8437926.62487054
72.59181931965475	28156262.509132188
57.62306533871805	11219885.11484189
-80.69057055197028	41873764.12955532
13.43018812135341	35150.522477172315
36.26980524058317	1779602.6724719433
-62.376364841742756	14899544.183381056
-65.80211720736298	18467542.63690458
58.133286507810396	11620777.146039598
-99.59611973569447	97416128.10217443
-51.00125379966054	6635756.638644394
55.85641087039363	9911462.45752749
17.03009789973376	89361.25202129979
24.265768438783894	361620.2913520476
-5.650633031719423	866.3590477634589
91.93258577726525	72215070.10407564
-88.3797946980681	60328925.35088233
-3.949360883223278	194.32861585770502
9.522927771315011	9188.785176387844
67.3030762218915	20827679.97743756
11.661829627254818	20230.178269583095
-54.12521280718137	8426511.278742379
24.177318713842055	356432.6113000066
-84.66771302662899	50789270.2170768
10.672275289603078	14313.746143421304
10.761041704910213	14783.334191520647
-19.821301422589826	146944.42036231206
43.945259592983405	3816321.3454916053
60.67970096870522	13784484.221258488
1.2269992912592045	7.846419766785355
92.00805859537468	72451850.9568978
-62.228653111209155	14758359.172391118
-8.98157092292729	5855.581793927435
-42.032878444358346	3048914.6409588037
-2.007958471185958	11.184251777771898
77.11161512478623	35821854.048302226
77.07643450502977	35756741.20846062
-78.99777283496768	38458854.21723245
7.520452697893745	3689.1313399702267
19.382208599418746	148805.323278059
-64.65066194411078	17203854.8787257
60.09571537964379	13263604.152279561
67.31404608136123	20841211.04888107
94.03467003272394	79030586.16540931
73.86483805633043	30176630.545597926
-71.12494901106533	25236220.966693487
-63.237256834365915	15742660.360566527
85.25783533522699	53463970.90699419
77.42459121256934	36405037.32367157
-11.184918284707976	14366.26713473827
-12.015988841864683	19245.187558921105
36.28748319128701	1783050.1042948589
-23.50199248564509	292632.17390172486
13.15020494184742	32365.170432987063
-59.31708259099451	12174708.94064071
4.593433069635637	568.8070614824956
81.99045965918575	45749119.7177827
-2.1576597213533972	15.126498786964596
11.551704353896525	19494.208246510283
-21.482703567633465	203514.91345500937
41.02346062819237	2902998.6007285835
91.69597235927696	71476503.53341813
-76.39543182780162	33621851.29166295
97.01848244349259	89519479.40353823
19.43960693874176	150551.67138471841
31.913256259523337	1070806.0854504365
62.751666210734015	15757148.523135073
-1.268063330723649	1.8865094671042808
-88.67954079363479	61153849.77689313
-39.50476856780456	2375425.7441439833
-18.071174112528183	101054.26451974089
55.080917683572835	9374795.072544113
50.20615810597036	6482842.758854614
-12.79590357835491	24865.998890833707
-70.28542668042888	24061664.945718724
48.49698220546151	5648167.345998767
60.67008039207818	13775780.955710502
10.34527062248209	12679.838792400793
-9.185193343672694	6419.169997429331
82.27870860193926	46393863.29072283
-95.38918647926916	81934613.60120516
27.787900914278808	618500.4186785343
-93.9649241233105	77137509.24888544
67.81976128847492	21472191.115319867
1.683480776034358	18.320919285459865
78.97377489083249	39397251.72278656
-48.81353412042226	5563574.479849857
88.97982769081139	63397874.06953041
0.43983742991771635	1.755809606065418
-13.423012606203514	30213.080220013457
87.70490203154549	59851589.26949979
-55.039036207475654	9012877.017993558
55.9876268902548	10004498.437518526
-73.85805110098498	29359638.40265855
42.18893089318098	3244980.398341452
-77.48399090857882	35585971.68374602
29.228532561954182	755695.3269769083
-36.90113346590114	1805287.3527194413
-41.22389821126322	2819596.502987755
78.52423488384284	38510670.35353837
95.78676495586632	85070665.11695729
34.77863990968717	1506332.3487872973
-36.843166968680066	1793896.1746944007
45.23409916678676	4281269.22937561
53.813345532357175	8544886.19268932
-22.757028101714823	256912.76828547005
11.74971121435307	20832.300254688795
-35.9709905319247	1628924.3165203289
-67.14976443246361	20033558.96563574
21.996205784305033	245243.75959009558
32.081413342800914	1093368.8391528965
-56.40426654335364	9945247.820234658
-57.36418796769793	10642846.642459009
-20.208228546580443	158904.77900578736
92.42220866834603	73761545.07108712
29.081957726701177	740782.6327239303
35.5965182819248	1651981.5970831073
-23.89073011741351	312686.78802983084
91.03571549067752	69445519.19339146
-61.306296576535615	13899317.374582885
-40.9971462603643	2757708.511039678
-23.246767701488807	280000.68353350484
-61.94558347947927	14490603.624607308
72.00180073861378	27255077.856103517
88.23180321507382	61298652.160207585
-3.691958906669271	146.4073135804583
-37.0792265910858	1840624.5987607655
71.91778324992237	27128533.050218996
89.99277458461754	66325947.35460467
96.31214126362786	86947473.26241682
-95.58658405908382	82616711.00398342
54.18801586713167	8784204.867106603
-81.91405326091865	44479913.5791932
-1.462694471416782	3.12473599538128
-21.44317897252381	202004.74686278866
21.840645335109258	238460.29797800997
53.2000873510612	8163765.026152377
46.61885724590965	4826849.012453564
-63.23833801191257	15743741.197583394
81.75471080082443	45226821.471246295
83.72777695077968	49738931.09765539
-13.824114207921951	34057.96331464948
12.420618587929468	25883.620968110885
-4.677607680284311	394.5912818228844
-72.37971961930543	27071257.780384537
-68.57200708822064	21792134.693942335
47.056768123433045	5009761.147644263
92.23978260866389	73182478.15810356
21.874661535371672	239931.45104576877
-90.58473105331915	66596579.21571613
-94.64156278662894	79389460.63762209
66.84666597049548	20270523.573756278
28.731467929244758	706018.6851793783
38.65213358402323	2291277.8840868287
14.476608469708836	47179.44737116144
-89.32215250121276	62950853.445733316
-4.958596701213764	503.262758450582
13.814615279466281	39263.36693302581
-36.60640561076867	1747928.317821242
12.034305019472441	22874.855995831582
-40.79997261981241	2704726.5537800468
41.46703176132297	3029796.03633047
-49.01096141637667	5654587.220510034
10.322367187692478	12570.906842749342
69.27283527397356	23365058.743976526
15.512502251471005	61896.55871978752