X	Class
-29.70366796677328	753113.0375502249
8.7964356769954	6755.0615441984855
80.12135435399264	41729933.89386377
54.76911786290276	9165281.700302755
-33.32654684038367	1197626.714051482
44.90580172587161	4159013.768857874
-92.62429678664628	72817547.92136873
73.76111000473341	30008058.803604417
0.0869287416418274	1.0951993363227566
64.41193495314559	17484802.156856697
30.75833385106185	925135.6245361774
18.425860594171354	121883.3733069101
70.60477569061257	25207591.345127925
30.23396998686843	864147.8905506834
65.39342351806931	18570724.89632057
96.3652096432107	87138761.8695405
79.43716366176966	40327078.85094426
-0.11394023756230354	0.8977314671017891
-31.104362048779265	906864.6274208
-14.447972773231328	40753.39250278384
-92.4554753474763	72286704.8786618
98.317200116908	94396937.63392329
-9.391780013403036	7031.622644663301
-13.339900730367887	29458.991289294692
72.73736782269637	28381965.46499066
-33.380614421425975	1205474.4448026775
-79.4739489498979	39397498.908284985
46.83427282988686	4916188.882269906
92.75833360777597	74837482.91201715
73.21096232236965	29125771.93531888
71.04954335522612	25846464.576185733
29.495271006806433	783410.0583541864
76.04704454125562	33890510.32264906
-8.326145910714573	4290.7057687866
-54.99939365312816	8986822.919275464
-0.2893205893674349	0.7771745900652409
-2.3632356594932986	22.214168669623298
-5.30075832135077	664.3561509353785
6.901294572172944	2652.636793023404
-50.42051810889987	6337238.813050736
31.35800882158847	998778.2874485115
49.18034178891267	5971560.4788393825
52.61940881401023	7814780.689402816
68.9193400301333	22893494.676958613
56.11409962629324	10094789.717306808
12.545095482103292	26913.54642090465
23.951108855058294	343419.05987855553
-50.962851596226514	6615697.341545474
17.606804983017383	101886.44922705658
97.32885063767918	90667490.49865417
-61.13526939675049	13744247.4755866
-6.200419490762158	1272.9019495883892
36.49746890246922	1824384.3659661869
-46.916970504439234	4744172.3290299
73.26938905797513	29218537.08258793
-56.49029824612371	10006328.983132802
-44.069722857585994	3688219.094237525
37.79802945869574	2096627.2566828146
-94.66042533805852	79452936.01383692
-41.7429241290173	2965173.541221717
-92.99246742941365	73985362.47908059
50.83173843321691	6810339.684299896
-78.87906591852676	38227493.029045634
52.34464856620079	7653608.708191094
-77.21900292785114	35100125.76291395
46.096538509881555	4615283.278809112
86.23043689204607	55938165.265303634
-93.89885658230558	76920223.86879387
89.5603079846394	65063702.51836254
-58.74371326001733	11708864.100514796
59.552954242741976	12792862.718388762
-22.538347061444952	247078.19702597262
-19.95266300584862	150926.41175444092
55.82558897051433	9889703.279020607
95.68850152329455	84723038.7633803
-90.2334802832733	65566846.97020111
-28.143335731130037	605813.048059412
29.16174219889828	748872.3442621664
-45.435887418437424	4170050.6164596346
-10.814366611211355	12519.815648635242
-11.394527824680623	15497.225072455956
31.888239741617525	1067479.5398721488
-82.92170652807363	46716129.1079594
52.30264978440553	7629194.047751026
-16.90292287712218	77070.01145718589
-88.37661314615887	60320214.4888053
3.2600520930169807	162.48872982668888
96.6804318477356	88281515.7696422
84.52039729027209	51643432.17536954
14.688911259671954	49954.94583658055
17.43160325128639	97950.45402369212
86.80982625957128	57452299.05161208
2.2600009777122665	45.99841928191704
44.845987377607656	4137024.519190808
-22.627979496992026	251074.36366477824
-42.14614358679911	3082103.5867869854
6.763564207979414	2455.592316346897
98.96375878552911	96898146.54074235
25.183967659924875	418883.4179781597
-92.92279846100612	73763306.93754052
-53.75715249491972	8198613.741476355
74.37764097588075	31020461.403111827
-78.9255863468808	38318037.147983186
13.677939211336977	37761.89446319485
38.030635095027435	2148358.349442116
75.29595725008596	32575651.619600736
5.826263613946111	1390.832785894759
-65.15402115064143	17748018.595096033
55.47680484885805	9645962.575834261
-78.16749643779153	36862441.94232729
29.874548132144156	824122.0053095464
-90.37257211670125	65973171.89109473
39.29946484327681	2447600.1548075113
-39.73647078369969	2431997.170093468
-51.1469751740143	6712289.090115831
-36.99265489950485	1823382.861790487
-41.6148746302232	2928746.222123009
61.204840031139156	14265842.619509736
-26.478649618360436	473678.6506847322
-51.10017241009211	6687636.63107895
-37.461765086396895	1918279.8980947975
-61.919542700017296	14466156.003566317
4.344185482677901	462.3497761255956
8.362733331114441	5555.095792130924
-38.809690316455494	2211628.0638860343
-55.03967362731328	9013296.408817405
62.42424354182924	15432156.686497107
18.759149526133996	130810.73163465403
57.274021157666624	10951671.987752408
14.41569489453029	46404.921191608926
15.027081064162815	54626.73861365934
94.98722889767646	82272983.16548088
64.2495744842131	17309864.576948274
-78.09854005694739	36732129.73926866
85.23220934300065	53399911.65588776
18.24910415705787	117338.62383715945
69.04073822645464	23054627.794989444
-91.83085817961442	70347853.30746514
36.691985848833184	1863311.0867700556
-48.5480032660716	5442904.401503329
-57.336834411011786	10622474.576778026
-75.30424277711363	31735733.64015774
6.462830472205468	2063.7523292935725
88.1914350973141	61186867.91277974
3.4513375271969977	199.3638004284863
-27.805098439211903	576969.4884367628
17.148189688355075	91826.33676967226
91.88334271573405	72060893.04669143
-99.4892090202404	96997482.49080768
51.224506306807086	7022200.56612926
39.103239389867866	2399395.1655760272
3.3675967499827095	182.5108905915431
-35.891129749053846	1614409.4702453525
-99.72165205513359	97909421.15782666
7.630137027526729	3900.5189273782644
60.557630836943844	13674358.663525287
79.59299330168238	40643430.66368546
66.26643769911533	19578445.848903075
-70.2198997869568	23971746.0735321
75.36868956132338	32701275.472192086
-5.419590970416621	728.4807355882726
-43.214670801491636	3408706.8397727166
-24.20656774714874	329725.4076847107
-52.98871642769012	7737737.569724634
-40.76186991439612	2694576.7670911155
-93.35488368304232	75148588.42718403
32.9117694609192	1210055.42778387
-54.886173342011666	8912722.641865958
90.62784185858854	68212701.78870016
-98.3373397132652	92572022.28780042
-70.42212124290981	24250057.292495236
26.424347387904177	506724.0337826708
-2.5070722815375035	28.52675516168735
55.83180744543404	9894090.41593959
-84.38734960970665	50117938.836738884
-83.30983688649587	47599585.60455847
34.629569531082836	1480860.4967112602
39.27819895382615	2442341.157104086
26.39922469083764	504818.62341134547
23.70955677326458	329919.8610385774
-84.31313708932966	49941356.16302409
-58.0154409739488	11136592.594585977
-24.692938959016033	357314.1181815308
-51.007377522615215	6638959.562539896
-52.89936620903717	7685439.114946296
99.73266151792919	99936975.22983186
-98.33046013828411	92546054.86722532
76.13346485647682	34044311.701822154
95.4746915514597	83970325.59584767
-98.46813522287586	93066759.16492179
72.62858444812142	28213146.87980839
49.192180034651244	5977282.37912765
56.48145870478055	10360522.310569955
15.646948699350375	64032.53120965048
48.00816702746221	5425032.006142039
-6.3628166947583935	1416.5917613491777
65.24205416523813	18400037.696822897
51.78821542374689	7334859.09223229
-94.27628894084341	78167740.96493444
40.40409709020159	2732660.2889604736
-27.87583794481432	582914.8046044675
25.337973586385544	429116.22770262975
-66.00021086452051	18691770.7640238
67.02965557797168	20492545.44942292
-6.205026402800357	1276.820371747455
65.26067033446066	18420965.9599825
10.488380011670273	13376.625832453406
-79.7249224886757	39899080.926316686
-2.4562089369690767	26.155172004698887
-50.87807811939575	6571577.159959316
-18.5641345773996	112697.19219114869
-2.702900920652013	39.229124778374995
-39.15686517222869	2292343.9485451286
-97.37332892338569	88986211.99552509
-75.29784511970237	31724914.93914664
-92.97960315965692	73944322.56888257
14.045980259713204	41906.6318869786
-80.73804226367332	41972693.57345573
-1.8587903572996112	8.111728725401338
-59.718898014597976	12509358.68401029
-21.87421670232723	218935.610628347
-49.047175592048234	5671402.171786912
87.54700672578937	59422984.105613306
10.221264838781423	12098.424485809051
93.00942936694815	75648890.37557465
23.752368155772132	332282.84223418345
87.85945090148272	60273351.89237
-67.06043712697019	19926781.846626386
-60.8653861700241	13502188.955354843
-77.33985739720228	35321086.82743278
39.621028298479416	2528161.866946097
86.86241208696987	57591228.25724587
-73.30415082135858	28485887.874422777
62.67913421260482	15684716.572078288
47.468461345228434	5186417.557770738
84.93015119189076	52649164.11702923
-47.97094992949429	5187439.753545555
43.41092157118024	3635107.9757778994
-56.614208808926534	10094797.472649088
66.07854138784214	19358175.746669102
67.92203271744344	21601516.891727008
74.98458130492668	32041927.509581864
85.70480441591047	54590591.08802652
-22.37865483012962	240076.94011765625
21.30815226662787	216300.96049353332
16.015141558330797	70165.57129347202
88.75088377982726	62749740.33630001
71.12447068759636	25955275.347749393
-17.735998656198618	93670.24084452062
31.85271124486445	1062768.5038545479
-80.52087811029185	41521560.09873253
-9.34062839477565	6876.059869466744
23.120156668090644	298652.11791612464
20.393707778416655	181894.6767859319
-53.42452469505958	7996661.106770566
-12.880811003890443	25544.79511927059
95.52265106145487	84138727.85159993
-0.5709703711001879	0.6751770331976683
-74.80708180722536	30903223.90550257
-75.77406784638212	32537820.612452105
-55.68988695704205	9448787.707121314
-57.6558266008941	10861876.382951815
89.96958876262505	66257812.52217976
96.99361864913399	89427985.593379
57.61574258541452	11214208.070337888
42.67079768363976	3394860.9511306905
-13.328758477938905	29358.979943900355
-86.49538241692711	55332396.72549764
-62.762317006221835	15273225.044221036
-40.764770116312164	2695348.315872562
68.58385395825613	22452591.53926129
77.5365354092859	36615347.2890674
70.89333344141494	25620714.31037253
-71.30713665550724	25496691.23202409
10.471364834579717	13292.309364002274
-96.11876929834133	84476874.453991
-50.30810561336667	6280639.138041506
92.61562157964406	74379233.14100243
71.29294725317482	26201194.50152282
24.65840532930916	385335.85369157477
-59.342706845766834	12195847.186525114
-47.00887059998868	4781647.960749161
-10.279565506381076	10176.189949502716
-42.71393810559461	3252581.144910639
-57.621924592031945	10836242.791599542
73.13376135769931	29003537.5939399
99.56229049556791	99257563.1712258
64.43936469139001	17514487.13762536
23.837625815298978	337026.44700062036
6.651176314946781	2303.1386285329722
-33.649637313564696	1245097.1959894036
47.89335149082723	5373594.260983994
-36.906734159648465	1806390.8295545636
-56.32826624328639	9891521.819464363
64.32113590653827	17386806.855027426
-0.9526174143562827	0.9139011696495775
50.15753547622407	6457892.960542761
-57.11706787925364	10459858.972751405
56.519828820502624	10388577.166071933
-86.43392402413981	55174852.440035604
-60.506884638084934	13185610.225791855
78.35274375652605	38176430.79993536
44.886060002897835	4151746.5502860495
2.841930039090272	100.10245685950036
-18.25774569713556	105349.02854399539
98.49213847534159	95068849.5292391
34.124928095164535	1397023.69131905
34.36816136956452	1436974.9852627334
-31.77730891108257	988581.0889102466
54.68114111014722	9106806.42272803
88.97388491645509	63380987.04437837
93.65049198092333	77750391.81439853
80.2872847403861	42075599.025183104
40.0300314067627	2633484.395017038
-98.39405589094746	92786309.6203074
59.62556103988243	12855097.653178241
99.11760777694295	97500559.40709303
91.97137628457429	72336694.94285749
56.20317294297328	10158746.663004277
87.31384850784278	58794293.14267235
-38.194583104637346	2073876.1930690873
-46.05924051036787	4404929.382486182
-98.14618670119495	91852533.00692642
8.807993882290944	6789.4933136666305
-34.09908422543579	1313462.875425063
-70.03404417670636	23718077.736737262
63.23504088676796	16246283.926874176
39.675121559158725	2541906.890664835
-3.2099006055731962	81.1817997838038
76.88448568504523	35403041.35845875
-88.36471297184573	60287641.02349666
-89.98960988446908	64858969.260234855
97.21275356520442	90236777.92390473
-73.18588625064568	28301886.993830033
23.092276249627446	297230.37540941924
73.15088859488051	29030622.330367673
-84.8751408361135	51290280.88394699
-26.015621198934852	441119.321015274
-84.82289164239994	51163733.13778118
88.40369667984547	61776361.79383504
-5.994838658665785	1107.046549284405
-61.052312924085925	13669500.154976862
-41.58033257827947	2918977.502399762
-33.41807780366909	1210934.7087512729
-11.198729013637987	14438.815284236412
51.99746798793214	7453536.21486208
-71.11286837688661	25219020.35886406
38.91017004242897	2352663.9963142383
-55.65383751137589	9424238.031649424
-7.002523817904915	2104.1262322863417
-88.15795852693245	59723810.343650244
-4.608356564908277	370.769209699623
-88.96100227565596	61936127.906413294
11.305551392907859	17921.94573197034
29.464545390073596	780179.3517155086
11.6676029667195	20269.32840122531
1.4624857520022232	12.30415096230799
-81.8398178651243	44318406.40048189
-26.48086766133764	473838.82994792593
77.73871443663242	36997489.24564094
44.86468734598168	4143889.702384908
0.12211543602677466	1.1390709961747967
-87.80938421078261	58782194.990789585
86.90751358154336	57710584.8142173
48.67387046021605	5730585.493490274
99.27073251545787	98102921.15567797
-4.291679478038503	275.32209174761977
-69.08710581191264	22456748.334955767
74.77154144672195	31680557.18953264
8.414791384828035	5689.9380478347875
73.57743463202411	29711295.87681452
65.70269795513985	18923158.476372037
96.85127560363341	88905540.87372446
81.65443985765097	45006033.60839377
-86.73512931356994	55950198.43209567
34.233724157997926	1414789.131048687
-0.49181668398099987	0.6896122521410003
59.74958858606513	12961932.811684478
-12.685930067734091	24007.037465130325
66.36399302975363	19693548.17822634
-28.79235756376994	664173.1053421607
40.89784205207198	2867824.4049122157
56.25555311895573	10196498.607728856
29.89518613004992	826381.8955789227
-19.994534952328635	152212.53330002155
34.84684594382884	1518095.7474587176
-23.105102470615165	273168.475324928
17.825471695163287	106964.00729196354
-99.78437398277795	98156594.5769408
89.25426738238008	64181407.00467362
3.3734631982696044	183.6547650042016
20.856628223738312	198753.5453085299
-2.003007837631344	11.069352350745062
-38.849528601313324	2220780.2367326706
-36.04401071841714	1642281.334014091
47.732911138355206	5302330.235456921
15.848163222121656	67331.99920599796
-27.291404721744826	535149.3061767586
-29.1972423042683	702654.6211444607
94.2491837745313	79752250.99195006
28.937288946727932	726281.402067726
69.30863116634666	23413213.50981676
-30.36729372772595	823291.0932347205
47.90621280115144	5379337.902668077
18.540184950480736	124892.38073569015
-80.8052247169496	42112998.996245965
-36.97417772227547	1819718.6648697893
-35.42733763503199	1532022.551783395
-10.857675036458957	12725.871411660719
69.70448717453064	23950720.317989275
92.74984361605442	74810162.37968776
-62.84768362198838	15356817.821425805
-0.21743645324529837	0.8217973314979187
-66.71754301881606	19520863.725338824
50.09370430953979	6425248.600000204
-43.17544648141918	3396278.078920664
-30.45406361721774	832816.8603433125
-70.25026450204169	24013382.47261797
9.966878313541088	10968.571940335696
7.113125513062272	2978.6206570302415
5.748423642708687	1321.6765388452725
-88.90866116797153	61790089.146828115
-0.6151543660418923	0.673674785808719
63.60320607366239	16626409.15644949
84.43829316847288	51443655.114264734
-83.80992138698193	48756273.65060106
-55.6198534398306	9401138.712823935
31.611193588934157	1031155.5757460346
39.620506358764686	2528029.5149325444
-76.21301967088826	33300849.28206724
15.91232694424329	68410.47799716274
68.18554286786565	21937426.651759967
63.536092340788485	16556623.153276982
93.26308480858305	76475250.83589146
-73.66457831014301	29052192.894334596
7.239572267146485	3187.0426876315937
-80.80892611448725	42120739.29243133
64.74314558884643	17845778.10988762
19.998408158974115	168368.0918482021
12.167989113014755	23884.571393219474
13.072881057437897	31626.016240487526
0.8996933738859525	4.092603028349917
-4.842021767538142	455.7573275940178
3.6271714270461786	238.59410159428916
-42.68090337540331	3242473.2860415364
90.83413413566043	68834160.02882533
47.3658436822536	5141954.37011227
84.27195120614877	51040686.45133362
46.47451512153265	4767670.771864567
76.0101091476867	33824935.97625343
65.64206999996378	18853677.936692808
-94.49554629643954	78899378.65004864
-60.2023570113394	12921095.219455147
-12.31395433594713	21265.82151969351
33.13639710195923	1243166.3164512217
-24.12617846543219	325324.14212437987
-62.86529592511791	15374106.769196153
93.23795515123322	76393082.54547244
54.015205992975154	8673207.34930738
76.81529998196913	35276200.042488396
-55.71852508221522	9468324.434262019
-74.89372789455743	31047122.605176557
15.663683986131645	64302.2263940314
99.80385337331339	100221907.6348088
-32.47256998413481	1078684.0598908805
-31.365682040353306	937969.9588631175
-11.526837566083799	16244.69471950921
-25.10737610378382	382158.44332784717
73.22023977267514	29140487.13142523
21.646447787247425	230190.69140016305
-81.07990498532365	42690310.200102806
51.62460756364891	7243061.047347216
-39.36165203944837	2340979.7647665744
-57.0955084491986	10444007.325276585
91.09962357520652	69640188.13519566
-98.97225197990353	94992164.9455579
-75.47979043091428	32033673.101027194
-18.191737864786646	103814.22396257624
43.07033376029102	3523020.949047501
-54.552372190285126	8696922.387910753
38.475344934473185	2249919.4285835726
28.9640143242747	728944.1093237723
-7.12903908003824	2265.371068706239
47.4188152331856	5164870.5485010715
20.912395267423904	200860.8432692232
-28.765051616802936	661636.0655006316
-61.83019628579971	14382510.84080428
-1.7494667030927786	6.324169136937508
65.42762374085706	18609453.665873546
-10.69189095438972	11950.634274656808
-31.52473585919458	957289.9897542674
-7.332926269164503	2544.541480395578
27.76529140145385	616508.6533849561
60.41769160161027	13548925.796542633
-79.20315690986124	38861628.70874815
-14.0229157556617	36094.26428200932
29.20408664044129	753192.6623579917
1.2484507029037104	8.182276378693345
-39.71970405517104	2427869.9025128353
-49.24254452555821	5762763.633040754
28.33347405127779	668042.7918098981
-58.39992996446046	11436040.880378919
29.830490353229777	819313.1292562552
-88.56472682810963	60836879.75073149
50.335944314111	6549794.223656776
16.56212791357379	80077.6543533881
32.886761628466616	1206410.5481898033
-89.8524345258584	64463320.786129385
-27.882157656149317	583448.1728673003
69.59122501600586	23795993.8355178
-73.46984518486673	28745189.2809168
-11.406856657715366	15565.762674789441
-4.226392390101523	258.2075905937432
77.97271712438501	37443507.51730096
16.395537640137192	76954.33443340458
-42.412606624461006	3161250.874544598
1.8429808239460783	24.03613211389479
1.6944693907060042	18.674843058366857
-38.02769168597864	2037637.6696307294
4.072747599486064	364.3534228175811
14.194107548340057	43667.63626439829
-22.64743719544768	251948.23021236085
-67.7289939255483	20736389.223144334
12.248825380068553	24511.13751974172
47.54422710820799	5219430.681061765
-47.52021552191445	4994238.621564883
3.723577519361143	262.45516359221085
16.72425776398579	83207.74955946452
-75.57618792565094	32198168.492661364
-0.11617394942351211	0.8959366610248519
-80.45254053703684	41380351.90471678
56.91940975012153	10684134.825060695
-96.46178257848885	85692352.57385495
-31.798803366238218	991278.9868199817
-74.48713254646317	30376193.572141316
-10.700457266136553	11989.80019088325
-91.32019296980589	68791914.97170627
-97.53598045109861	89583789.05497546
48.05803929548807	5447489.617645233
27.76137987141412	616164.5593592419
7.5889955699576745	3820.1905657001894
-22.314771075902584	237318.23084973465
-33.773218429611944	1263622.5440780283
86.80494258073327	57439409.37736104
9.04096234056884	7512.043311658973
-5.510165254889543	780.3988080453001
73.36598092241823	29372383.448948845
90.17432529440822	66861278.28527744
4.37486100712843	474.5634936627632
54.435936428008546	8945303.203767397
-63.350061440489625	15855729.81166309
-20.346984218061422	163366.81294744887
-96.45224655528042	85658385.19050828
-97.05666961087356	87831396.05721448
-57.93188335752399	11072301.877946483
-20.303768715303462	161967.16311401527
-61.576719292644015	14147182.083739035
38.92630578241071	2356543.1821277337
-84.16331235553199	49586282.72848082
-39.709055144653014	2425251.3152853744
-55.28033354652862	9172687.79943658
-55.124786663712634	9069428.186066438
53.941403351481	8626125.148550339
-7.571021340741126	2902.3997879900176
-85.57580647552273	53010079.7538982
-38.9164572774962	2236219.88357234
-32.03531489547625	1021331.0810153561
76.79228241423198	35234076.54024752
-87.21491191819945	57202067.72661296
71.12379881881154	25954298.124362834
-59.52101066976587	12343698.72817832
-71.92741248748422	26398629.568259265
-87.99788662554636	59290009.11235868
-36.5173803797338	1730874.4880893386
13.617792617919463	37114.983179516086
87.8296057233332	60191731.52037859
-2.355479163077149	21.90737420077268
74.09934320516575	30560349.566522427
84.03851481789738	50479177.532581255
-14.711754683045442	43862.998093753755
-93.74390787821332	76412423.75998527
19.33245435203858	147303.88254538723
-0.957598615542949	0.9221632755915309
4.753651833517438	646.4038140564738
90.29348201555354	67214387.76538149
7.374086074140521	3420.606927349718
-42.10048885772522	3068693.4121599332
-98.60753203864701	93596210.8423273
79.03466558870775	39518506.80259384
-50.654693903856305	6456374.08558897
22.638368181502884	274790.05753297964
-22.569953043566287	248481.82866153502
-96.61964014550404	86256111.50444423
-84.16603283432924	49592713.1317318
11.013932320563782	16184.701195417503
-49.20641655156652	5745786.311441718
39.25962444681065	2437754.6694234135
-1.174547434799905	1.4878440329318847
32.81481054592902	1195969.6351148577
23.213373343114398	303442.70485416596
12.311561493499482	25005.848575713193
-29.486885330364714	731192.0598615863
-75.70557981558426	32419961.36801418
41.22134171288906	2959061.9679487622
-64.41136077534097	16949589.630346436
-83.16532141730568	47269190.554089405
27.495857231154773	593141.5093149912
-61.08186107615414	13696089.251216099
-35.237380590522434	1499205.9481458135
32.634132911327896	1170050.0599653323
-16.896439118922217	76950.17769729413
-39.00226008040191	2256131.1701413
8.845317269831241	6901.580264958891
28.801291360536368	712844.514457876
55.278472380244494	9509387.543179022
82.36586316427196	46590141.99682439
51.013236866380026	6907635.946772386
-35.995202199434644	1633344.1049881263
80.75159024344816	43054253.794615194
79.48535293700178	40424710.56482064
79.8453000729894	41159583.975350454
-31.720444331360184	981470.2315103544
-89.87475009122178	64527560.908391446
-38.78960749902696	2207025.1158292377
34.45241554640228	1451011.6257702378
66.716274349276	20113423.36931358
-11.135486788053427	14108.841988554546
-81.62342513419007	43850129.50607687
-11.945011630447809	18785.909491811217
-10.279683325818795	10176.666831540944
-75.90076788378516	32756702.167100433
-85.97476751075172	54008457.52310001
-92.90464596782518	73705531.76884899
25.928682727244464	470113.6923950289
69.39746019244936	23533033.15101594
59.02548616985004	12347501.167173095
66.18992332132007	19488522.70155432
-45.73249508249238	4280608.553722025
71.66401681072003	26748991.57168118
32.239754525763374	1114938.7428958695
-2.7861413643503568	44.60649252381089
92.16239317647694	72937857.13984856
31.03578047692457	958681.6619860791
-54.8428562461246	8884494.082616907
13.40158223830305	34857.98482650027
84.45435706152111	51482696.34781922
-93.8499286139897	76759603.86084478
0.6614815381579717	2.5799326373122007
-94.48363717465857	78859507.83464397
-83.38679561833446	47776235.82947662
-73.74734810232971	29183424.411022764
-17.33744346516613	85425.3523715965
-56.20767044702115	9806717.575538917
-86.84917512878971	56245891.14654073
-96.80947227981727	86937740.35377772
-51.275173088995544	6780163.9744754005
43.54649645506362	3680461.6027646963
-55.290524485079004	9179483.678547237
46.620367494830305	4827471.090744604
-4.215638046107898	255.4672291137837
-64.05331774745272	16574433.673128622
83.913835378052	50181178.02088883
-12.165227398757011	20238.318300757528
-81.77397852406634	44175534.139845006
1.0981734376500185	6.082938496276789
90.15224307341077	66795992.86889839
-86.98789655414174	56607139.73156478
-74.26735919595305	30018101.99956008
77.95604939920023	37411605.471862234
-21.813725084435177	216497.58763685552
-33.31937000541927	1196587.9084714951
2.9751623866834223	117.51234214739802
-78.86711319546137	38204255.016417086
-99.56394637264859	97289999.9921012
53.01017988433071	8048371.84107719
28.099314391749743	646428.1928449877
-56.33132840876185	9893682.301804706
80.60966425582342	42753312.4771935
-78.95980166035577	38384734.0330769
-87.11428301960935	56937778.84830758
35.111146035829336	1564331.199203823
21.618852429081187	229033.28534582365
3.795912088850301	281.5177621634685
59.48693120716385	12736467.479960691
0.770647814816769	3.1749470063263465
4.039919937151922	353.66972689871756
-84.09126299663987	49416206.93637084
15.189131020836925	56978.14492410749
66.97027574611627	20420300.836056083
-79.77524100015935	40000218.34932662
-16.016922330939792	61946.210415501446
55.036442261607164	9344692.418764034
-80.79409466461603	42089730.457179315
64.71816965248976	17818364.484066345
-95.63219713158773	82774928.53052665
40.58899353816432	2782703.5857122424
-9.157388932411152	6339.9080841472505
-63.264500966407525	15769912.884719264
83.73286568165753	49750987.60259567
-48.696881401048046	5510317.359527389
-36.560666015520994	1739150.6963051828
93.87793267213095	78506396.98341164
-49.39385405888657	5834276.381090237
31.93276577106147	1073405.7342577165
-6.372860294400667	1425.8613557623978
-14.792045107166103	44843.897367313504
-9.613934247190258	7738.105251117894
82.4035834848955	46675283.85348252
39.807144434793116	2575689.0496032983
-58.63596981099634	11622840.479349978
-59.41987462870133	12259671.58954554
42.702312924006975	3404841.093557583
50.063097233906745	6409639.5896209655
-69.95917184608453	23616457.91218333
89.96936068581581	66257142.54691584
-73.66169134191414	29047623.608635485
-41.51846617474828	2901542.3835934782
25.65113125815934	450500.9609365294
-67.86710793790817	20906670.217411496
26.75844693935332	532579.9477719775
27.030883292605452	554385.9969807336
90.97918065943077	69273650.22163023
-48.65966696120736	5493408.053433855
-48.94918095950573	5625987.684853149
-71.69581548867956	26059113.17206206
-41.984260284793095	3034751.0825427696
-59.965342974009594	12717993.220257051
-53.99923207993096	8347977.966756686
52.353697978448025	7658876.961393376
13.403604316737102	34878.60335089948
-12.54630609261605	22948.79605682564
-79.03355672154063	38528802.987991616
13.660699602943154	37575.61430542552
61.56389950966803	14602148.89001885
16.03993921382863	70593.88783142301
-3.2555592153924238	86.17023930195998
13.996689509722657	41332.634843589505
8.563288058860664	6088.112850755046
46.25281890667151	4677840.304398414
93.01543799153151	75668387.51877238
17.3178610845588	95456.99260140663
-79.64759859211739	39744038.13735588
46.710338778140084	4864639.295712225
-39.43498409117747	2358582.532029724
-44.76683251364921	3928538.200430138
6.622645296427294	2265.597191879079
-38.64076428673824	2173134.092427156
81.98654364741736	45740407.07846417
-11.641668566589829	16915.069467077206
-82.85342399329355	46561986.75203168
-3.317466192122893	93.30030349417282
27.368568966537012	582336.2960903563
11.21999617807046	17398.442376165356
4.819306033688193	680.4104591623206
55.941692006979196	9971855.084618982
-43.15450411023105	3389656.13806791
73.68536726577472	29885413.766529303
98.3192889746872	94404939.54956883
-90.53084198588574	66437814.920506805
-7.889106735223649	3437.9159095901077
-43.205864363227754	3405913.4348243275
73.94021864462474	30299578.799305037
35.22014359500727	1583703.1327463589
-21.600768603212117	208076.4388506503
-83.66189949398913	48411729.243650965
21.030013073256143	205360.2455687561
-37.843215333941	1998135.6940118326
61.01205213944644	14087686.717198491
34.82817711454916	1514869.1364940244
76.1147487875472	34010958.58032223
29.485962378542325	782430.226422806
-3.8553267358611265	175.62934538704934
8.56260603909405	6086.237583983053
59.75889841048877	12969978.910929356
-38.99321656950556	2254026.299761333
75.16105182410647	32343600.538537733
60.039734588068825	13214460.02930861
-66.17314189516752	18889180.440813605
-23.3837247365269	286726.91719975113
41.48406898009941	3034747.6164511037
-73.68864447076345	29090304.06355373
74.80266733063024	31733163.054628216
-94.7283160634177	79681713.80483769
17.175230852348022	92397.90779526027
0.964376070090097	4.656226909944615
-24.356928079524124	338077.27609347465
54.69789574517495	9117921.049635142
-36.88982653717569	1803061.1455697794
98.12878037384735	93677236.41095239
44.38170737850572	3969295.074253396
-45.51237571955413	4198353.562542226
33.673471628459424	1325086.330094885
-84.96482118132936	51508034.10627678
88.97788069081179	63392341.09039564
-10.004839955910725	9109.01317622814
26.098010843582543	482389.3351917444
30.72244339658488	920861.3370376574
36.951171886751524	1916143.4725300493
-45.105672336988015	4049500.401948492
-59.596637779888106	12406813.915050691
-92.24067526666775	71615488.41792665
87.78325697582869	60065141.67521463
-48.30508256433637	5334238.812367314
-3.521050447013323	119.92883164065132
-46.486357665169265	4571500.161356453
67.067813467277	20539071.39953556
-85.83087675854124	53646767.43936112
-39.68121846634312	2418416.2295258576
-62.04632295225658	14585471.846377973
-22.593028081810118	249510.36974088073
57.38507942897229	11036484.006175766
-25.982175643165988	438834.37874634564
-54.71091334235547	8798923.606135873
14.97425205063547	53876.14907833788
48.09185945075785	5462758.546712256
-12.101400485497521	19808.980291842552
-99.8443711611305	98393468.01440103
95.33361328126858	83476416.81512707
45.17268019245901	4258194.958548984
6.033986895051569	1588.7495250475945
-41.53190938314479	2905324.272767276
62.25716033346714	15268264.610832263
-82.54878807270909	45878937.71384027
-45.892201648007756	4341040.5652941875
-25.96679895743881	437786.8546849766
40.464138593199124	2748836.227493034
8.754270618914717	6630.563497566461
-59.6647900655648	12463897.990048872
-48.754047568220614	5536368.234242521
78.8354896157897	39122913.030219436
-11.702868858478624	17280.720892798006
-19.711322764537925	143671.67536693066
58.12309090135736	11612662.584309855
6.9243123251658005	2686.6928108430097
33.68001363290119	1326108.4855571077
84.71945276223855	52130192.4387241
-90.78654896867724	67193690.94088542
91.3465449529418	70396177.61231582
9.274528499549348	8292.960855883202
-28.25552316466826	615614.6122183201
1.823839743975924	23.281915840244498
-21.306168879246698	196834.82491816283
-99.11013317140885	95523947.08898574
-13.917683352230114	35005.33227610243
-61.32039832408198	13912161.686859155
85.9870069334934	55311014.7249142
-43.52737134130742	3509014.3788164323
-45.0049845236379	4013268.3200729256
-61.19660568505705	13799710.89785681
55.95200553307666	9979177.36595451
91.09714842275116	69632641.02078758
-86.73372426499483	55946562.773419686
-42.13341508336621	3078360.4303677
65.92763311412037	19182616.738949187
99.8416478172785	100373420.35572897
-75.1229062123764	31430156.501077835
-27.00504025502343	512847.1825534951
-39.24621311850704	2313469.463316089
57.5989886453992	11201227.498827778
3.0625143092255485	130.13033767824942
15.276844773631112	58282.15070794184
11.058064075562228	16439.116984020227
-7.8559987294549956	3378.9673129495723
19.865071062722677	163980.43306996988
-60.580137380087336	13249839.465696875
-14.998315437582406	47439.35034050441
97.93826807410463	92953734.4664356
-66.2921967005399	19025993.593817454
-58.829444564593516	11777653.40772214
20.947683937526108	202202.94506669452
9.701980847069919	9878.224439065125
66.26785189308774	19580110.796902455
-61.63352398511959	14199666.75952524
-44.73450207744938	3917139.9304170515
-93.8251120588657	76678232.6594691
-31.517742178699763	956434.2581010682
59.93141604058741	13119757.828507135
1.2717936980858724	8.56250163699211
-13.97143532064922	35558.423676266204
-53.44042117156111	8006226.745772814
9.641412328016116	9640.805942693029
-23.915458467690982	313996.4419046893
-99.17556238036696	95777075.07588902
-22.733691560077347	255849.51290043583
-56.04099493326415	9690408.691493757
88.10742404763766	60954721.29883576
54.67845384571996	9105024.701414684
90.3193846882875	67291332.54267502
-13.981501171464302	35662.7227573005
20.51424583442956	186176.9394849413
-15.87133414296811	59692.281666107614
-15.096478689844005	48713.346577772325
31.16925969082655	975141.7900239943
2.6620147039282642	79.8281946161824
81.50388291199482	44676039.75744257
92.71971760787994	74713278.17346199
57.80082377058483	11358356.74584842
64.1320238630658	17184029.717373066
9.857445188585174	10507.725399292556
-78.46591793204163	37430393.622426204
1.3637365912265125	10.218533009711091
15.089377420852145	55521.890956366966
52.5981364461654	7802212.402167007
40.20161871864252	2678635.973815074
73.5182886821566	29616204.421505053
48.337505575518094	5574626.884899829
2.615598877914877	75.15537565073971
-85.48952244479212	52795992.23019568
80.25088830190134	41999595.019376725
22.418098516844708	264370.43047034356
48.17339271558191	5499700.683831513
30.637648846468124	910821.7792481359
54.923368183938095	9268486.04665327
-79.27317637479499	38999662.8697504
60.41219992248898	13544021.05907383
-38.66503514549666	2178633.6537583806
-30.406548612969388	827590.390351452
-88.50813975409353	60681112.375083566
-20.963780764907682	184349.1135491696
-36.967272420990916	1818350.6978129381
-70.46496852344559	24309336.469982244
-58.52919830805894	11538061.360343968
12.24943611479452	24515.91781323098
57.61840908257611	11216275.051915444
59.6509700446575	12876930.533099646
35.1198430218069	1565870.3387795878
73.13225256051894	29001152.515101045
16.93236229892628	87358.92405965996
-72.12478377602451	26690580.916348655
-85.08423502029818	51799058.76101759
26.44045117684253	507948.2465174844
-65.99668135693604	18687757.832526803
58.752966902634995	12122012.063290639
-97.84364160222754	90722352.5470872
-0.6548813353859799	0.6770586580835471
97.73915784635983	92202067.79617284
67.41899704012874	20970999.19890698
-1.1640893050245182	1.4498592432293693
43.262902764533294	3586071.5618836856
-41.22883953994068	2820956.6441466287
-26.79894381165822	497233.2089854593
-93.1948374869599	74633219.35647964
-1.3998800755716303	2.6567731242428234
27.356772753615985	581342.4730821663
59.50711694857762	12753689.808919799
-73.48550247463393	28769783.182831895
99.68244701648285	99736366.56426832
95.2473976537243	83175654.3587593
69.03618223747267	23048565.265557233
68.76183031342825	22685691.034812324
92.4859429853397	73964661.8224496
63.18678328010549	16196946.24664649
-26.600959882509216	482572.29818493605
35.57085275666742	1647256.7060903285
-56.38542789544188	9931910.084306534
80.53855906753279	42603134.90136621
32.76084935102543	1188183.8469579818
87.5018769425611	59300903.91114997
-1.8920880065731183	8.730618280470424
-52.22788610789404	7300843.248620035
12.865675692104062	29707.718018444684
83.10293845693269	48275102.10666381
51.23858601847124	7029885.855195038
36.23522092560688	1772872.7385213121
-58.310850709062834	11366133.030707188
99.5060241457733	99033944.91921154
-29.401180431602754	722658.989360899
-40.491261875308716	2623311.8298528916
73.77804707870459	30035535.413170923
-64.20869690007858	16736465.991406081
-53.654582358183546	8135935.829968695
-18.69637131714819	115984.66988097593
63.954361507189844	16995150.44482922
-36.75179381561633	1776049.725861896
-21.89693366102155	219856.48158441918
57.9174561350589	11449905.700217312
8.502412825805067	5922.433695934606
84.03992036069351	50482544.50336549
42.02463418606678	3195030.350751199
-86.5045284273165	55355870.69081013
-81.29970133629669	43156527.397550106
55.663401534762755	9775794.346471112
92.77436832254662	74889102.54330099
-87.04213040621693	56748843.80196479
-3.2420228217703766	84.66778731393727
73.22712383386721	29151409.716456946
64.51483776065285	17596360.62074868
-89.91282074377777	64637266.228250295
92.48274483963809	73954459.57355015
-79.87704149684538	40205419.59388919
37.006568820477895	1927579.7519660653
66.82594606657278	20245498.247107185
42.16330123169061	3237150.087376925
55.55732265934569	9701826.255489916
38.61963930250903	2283633.6511170757
29.878062074689154	824506.459190574
85.84870555268245	54957065.442262046
86.64347519789354	57014462.46603045
-20.932730443161816	183246.9739624156
-5.071911748555394	552.9200880250077