X	Class
9.534383544338269	9231.779519797876
-58.99233836399398	11909191.173073392
31.8046641410632	1056422.3419003412
-19.63113188328319	141320.05477946787
-87.0616453210477	56799898.07279684
-49.308896002094606	5794041.607229815
-99.8716006877185	98501113.58800684
-72.29852808605148	26949581.46576648
27.35913156487544	581541.0995008687
-66.96929114734438	19818271.32856607
-43.28565219360456	3431284.9505716423
83.58583375996363	49403513.52183551
64.56281486188104	17648555.38894831
-27.790946727055797	575785.5861715928
45.0217355235564	4201883.425745038
84.81733502007444	52370806.87979342
68.24123216378595	22008915.138991453
52.498783908007226	7743712.888478013
76.12281453915116	34025329.21153474
-22.368124364927652	239620.5528582335
-24.16083373668627	327216.0581528059
26.974734394503002	549837.9855941657
47.11036995537705	5032502.10433894
-43.96689269079906	3653726.1370974216
7.679592997783232	3998.7546645809357
-4.380538279533283	299.9720800403728
81.92594085557471	45605731.98796359
-76.82099342202524	34379758.74216703
85.20769661825886	53338689.210781045
42.917820811548665	3473678.4239147366
64.67494082565787	17770991.114751305
-95.39501794903562	81954703.19536817
99.92283724796914	100699478.45300414
-10.896990496327504	12915.123769773214
-48.568126992993314	5451980.201259703
-28.319409742697403	621249.1204336229
9.2156503245441	8090.613563011825
-12.12096397640181	19939.842304760976
-92.2164971572261	71540229.4112391
61.24496795703743	14303136.41031906
-76.4943547676701	33796899.6359041
-75.93544859957359	32816807.11733281
-85.58477929034991	53032380.37383777
-65.92004054723093	18600779.05105871
-95.04057612917664	80740334.61670563
-0.349663733624169	0.7447981155636423
67.00865181041124	20466969.291151643
7.509936533607558	3669.326848696748
68.25232541566635	22023176.41712182
28.293331515283626	664299.4104878585
74.56840206881253	31338835.879726406
33.02303807821133	1226373.00926174
-25.962152070206784	437470.6587002138
33.72990106100261	1333922.610287039
-9.76611719205414	8251.92824346429
-98.85107749292443	94526653.31755589
-79.5110837019138	39471414.625189
-36.58552409698545	1743916.9551944619
21.543747937127677	225905.35427868966
43.24765467543446	3581048.4388588658
95.23193247010636	83121790.29113272
-23.12174761104086	273964.6809817122
-88.04965845324126	59430053.379729986
92.67299811747392	74563216.06676307
-12.644196430546415	23686.972238416845
5.184977677851933	895.2109850633476
63.58824330476395	16610831.540881598
-67.32404770567936	20243122.739488132
-52.1776063809051	7272638.104179037
-5.338210267406367	684.0879064728114
59.21480408061021	12505989.01054135
-52.60273906359576	7513716.636356175
2.883746760621932	105.33674602686422
-74.20293710196621	29913737.40753249
80.72172208100497	42990789.45960367
-35.51000695542403	1546471.3506804036
-22.1969297694488	232291.92484302685
-95.84088648735995	83501707.09554312
60.492227468475335	13615627.221820114
99.61668735975331	99474111.39171378
70.56355623561012	25148988.61265973
9.73730645301842	10018.706685119838
-56.49132349021719	10007058.582606353
5.093713225684297	837.3911504888408
-94.96766736375453	80492221.81792723
-70.41295817605445	24237394.282091767
61.95036595267908	14970732.932287507
92.3671468189981	73586403.94174138
-91.56770481471813	69542795.90032962
-39.3796641515191	2345294.266499135
77.28089221757523	36136398.99875571
0.36403203629910763	1.562354010004617
59.8643658947864	13061391.968599005
-97.21148687184073	88394581.30105267
81.68833809855448	45080583.915840946
72.44305904775493	27926972.839088835
-87.87819975526043	58967200.29437102
65.5618883074846	18762082.592165377
89.74867105525823	65611244.2834098
20.211433139620567	175560.03307297084
-89.07733184996837	62261630.067919336
-60.210139695324806	12927805.33775564
-72.61311630972205	27423329.05832919
-6.019257033535737	1125.8441049406586
17.12921398781721	91426.83295504597
90.44774399460817	67673603.55135824
-54.05387923468545	8381975.9454300925
3.7247235940321275	262.7493169561544
-17.735201719657056	93653.18173548394
-12.869287796215872	25451.86645252973
37.50351302571309	2032474.4094659642
-87.3448757131917	57544761.16880002
54.84554967466491	9216311.640521446
-91.98027224521519	70808050.90779155
-81.86254144007326	44367797.219118536
-23.889055983534774	312598.2715059214
-45.02962774046537	4022113.512082192
67.44830809735879	21007354.91480838
-50.22969910085793	6241386.52557411
-2.1176836811005018	13.981464978503265
-80.96956946479041	42457703.14906567
-99.18954976242966	95831253.69313116
32.80932673663045	1195176.662070015
-18.317580972338178	106754.96174936237
-59.89805576041698	12660772.410802327
-43.33673162457765	3447601.8137005777
-91.50976077061904	69366461.69320986
8.370354332643188	5574.684291855487
64.45017730686632	17526199.1350544
3.3895621079803817	186.82195510289648
68.1651282721678	21911264.05847872
21.012785661845697	204696.54046141286
97.80557535557574	92452293.76163162
-82.44874270620642	45656265.90657807
38.018140657229964	2145555.5286688646
-97.19883041128361	88348438.98496066
28.499866430124115	683728.2362620304
-30.082525775971774	792602.0707451525
4.006520499856663	343.0455555139832
-72.09412440959137	26645071.525046095
20.280594253336588	177943.79147660025
-69.49733807961245	22996838.395275358
20.956413650482773	202535.9896566417
-96.91827131771262	87330220.87584962
72.29224871021637	27695955.740277484
-76.06313964334907	33038820.93409923
-49.3528169804752	5814815.804159274
-68.20118404554565	21322889.072905004
-59.37102310888831	12219238.157353198
-56.34399505990315	9902622.899771119
65.67602090370062	18892562.56064137
46.727576263082824	4871784.7334438395
-66.63301572322726	19421760.489199884
-70.24241565781054	24002614.865475427
-99.64469122442554	97606773.4855362
2.3029527007844166	48.94854238930931
30.792953995859875	929272.711575154
78.74300143896357	38940230.6851819
-47.78430323917704	5106768.655339099
69.68761168643064	23927619.15471734
-25.315165078866812	395091.56856346165
19.137603742864925	141532.99964367953
80.36312804421786	42234308.42301661
-32.799776617582125	1123157.3699832135
-34.38799894845049	1358871.9290123999
-52.91909826698775	7696965.8001452675
51.53346749762264	7192298.885989095
-2.1394310565818273	14.595646399141703
-41.38113315576899	2863118.571060959
-98.78590259211192	94276982.01529664
-48.81159561898334	5562686.326578265
52.366350655382945	7666247.469387899
-61.669466910396544	14232951.563042624
18.463950925880084	122879.7958812138
-5.250761699674555	638.6860030473616
-41.89868431206634	3009940.8333555073
26.173636693223614	487948.91164751136
51.03359889407918	6918616.139465731
83.72997115742692	49744129.46563063
-49.40356237112922	5838887.3868314335
-83.27718195482956	47524778.05465916
58.3473287682871	11792114.75363299
12.296909312111652	24889.64280308707
-4.3151268571938886	281.67246012401426
-72.03703124594881	26560480.112551644
-45.1371947059646	4060893.8552122195
55.61485415623679	9741890.287882695
72.53792600453335	28073032.296295676
-33.34611845632726	1200463.0305737078
-78.13714468980314	36805041.25159377
-51.42378810675054	6859491.613482082
-51.72482810837052	7022311.804799234
-72.13664977358465	26708209.9103427
64.14773737176839	17200810.762867153
55.2164248831555	9466959.997745749
-62.53893548726484	15056099.939609546
8.257358664693797	5289.514897444414
-94.41783177058593	78639468.82373266
50.36667239336893	6565721.232048863
-98.39172525818141	92777496.60768044
-41.53302603546103	2905638.5794212837
9.870128216336099	10560.37737173488
-66.66360095946538	19457576.18962857
6.628404426220968	2273.137747444153
91.66208563833337	71371194.96292777
-6.720261122816609	1775.5398983964647
-50.69838534124709	6478786.402060257
-60.16959613197896	12892877.89739628
51.780941610334764	7330759.422454941
20.843513403969254	198260.38735001395
-10.84152348482641	12648.729162829351
4.16732702982172	396.50560567577725
74.37511667333868	31016264.750377975
87.87394716044165	60313026.091549404
-47.07230610596469	4807645.332240835
1.3495195669141822	9.945252386354996
50.764147198114415	6774369.895553183
30.81063081602997	931390.4249984871
-17.052852256242645	79880.28767725787
59.39204469533101	12655744.587153677
-97.01452062053913	87678536.08543664
66.41079002591664	19748942.184928536
29.9895480858699	836773.9352515077
57.64351098050889	11235747.233315421
54.58495582863634	9043195.881854467
-61.99153118901892	14533815.842279725
-63.57479814656273	16082808.576103093
-90.51642227815609	66395380.74554536
39.528948089047645	2504892.7194115007
-91.94012423405651	70684173.24787892
-91.07836311719737	68064160.71428983
-94.78685281140851	79879366.94924605
-30.58072935683586	846870.6006899535
14.82725448317315	51828.32168442664
32.54487869169989	1157402.4887752598
84.6208395654264	51888620.60014792
-95.44335670396838	82121373.97511329
-64.1646432844389	16690405.92267505
56.12831797386582	10104978.545841835
59.76822657753945	12978044.619516788
-12.070431328772628	19603.143690709006
-20.26909129399573	160850.56307001895
97.89827040034174	92802370.56955977
0.6774898913862302	2.658119422794428
-10.752959461354507	12231.953610570921
5.01812948284433	791.6785627614701
-61.22523002868046	13825651.870937787
-18.491821915339628	110929.30133155917
45.575890589029655	4411393.392534472
-35.50880931202009	1546261.3018942936
39.73801395737061	2557958.1460751053
52.20978291821589	7575416.253331431
19.668162924784014	157658.45121942798
66.81722686740247	20234974.20151371
85.09750392076742	53064124.33108295
-78.90999411288763	38287671.609813705
-63.74301189327192	16254364.80360626
-69.3269663278513	22771366.76589991
82.91450064787043	47840053.81102676
-6.131771195796603	1215.5767992918736
17.418996600634046	97671.70932893027
82.45581129815594	46793364.43565103
-51.976543962276914	7160665.271460489
-50.65055861174397	6454255.828963429
-77.86846888810031	36299844.70629966
-9.611553824384188	7730.2639774794225
-58.389514350101024	11427850.282933136
-75.26371155935247	31667240.430199932
53.84871212828136	8567264.898260769
84.91413628525825	52609582.27882829
-65.11705764801292	17707625.336622074
-37.49568942209649	1925283.1959353976
45.176833251945254	4259752.2592041725
2.7148434401983508	85.41705854418163
-78.55830944813786	37607554.968535766
-28.00553358966083	593934.3243021559
34.13685360790265	1398962.8123266986
-68.61221520888955	21843476.107139736
-67.35130217481912	20276042.440896783
-99.60125480862942	97436270.29215175
34.58386705442439	1473116.365679819
-68.23011735817302	21359226.6336956
-87.64260338365892	58335623.70073909
71.96314719488953	27196804.1018139
23.102518939633427	297752.1028896573
-10.361845824250437	10513.331880735284
48.45266500474236	5627658.511684157
35.65396729903969	1662594.503268594
-30.606540588092287	849756.0706348151
-8.166307618969682	3962.2895319550025
26.099808556141	482520.93866108777
61.0596955484024	14131558.012879988
96.04099076303953	85975003.6615554
-70.83665690941008	24828139.154063877
-85.8675277435112	53738721.99016302
-80.35827698097249	41186163.42945704
-67.20559409286665	20100512.33266047
-90.84161103703559	67357296.08216839
-16.04369338267236	62367.51828480406
-16.301892698427196	66542.16302781907
73.73162173570853	29960265.68006443
-72.19278059641752	26791720.35947359
-76.79297350090215	34329466.11104116
68.82715953645885	22771707.8635787
-84.85739270082333	51247268.53593374
-89.57388673837579	63665490.84512713
-43.63881838423749	3545293.7556043803
-5.121802749002157	575.9146309225619
27.86778779315135	625576.6625323652
-6.800361308374846	1864.5544931341856
-99.97809592593126	98922966.10669427
24.490914331940658	375080.9656963
55.57254212773239	9712412.810145037
46.55672895045103	4801310.158020872
52.398910194453975	7685238.693617024
72.64755582397706	28242533.788387135
-67.49625818458756	20451804.82741046
-31.087076550919562	904834.7634705718
17.04379260081754	89644.5440921622
88.95712190982294	63333371.3579413
-89.77582237452033	64243141.29435041
59.69019106761465	12910686.076593244
-64.98024795139571	17558720.996262215
11.562705718546823	19566.8124075253
-42.90210722309406	3310607.9731009332
69.69555494956123	23938490.74962899
-55.72341783995407	9471665.266952606
-63.78835150742863	16300839.24010444
78.55801839866177	38576772.98886262
-94.88466729213474	80210464.238098
77.08930815195669	35780557.64790362
-96.30723113754026	85143082.6142902
-79.37782951712389	39206657.895834446
54.019819365781274	8676156.8248492
-42.26748177320463	3117957.9517912213
49.83155609156327	6292477.628425969
59.2959583670677	12574392.621972183
82.74123565202498	47442636.199905984
-72.10680244642616	26663883.172460146
24.379336302818928	368363.9853528284
38.77430869370315	2320191.2659089044
-35.405542279542374	1528230.1235186367
-11.063471704633159	13740.022932218128
-75.2720795303052	31681372.271177616
-38.64940408656097	2175090.5994173186
-18.86942115592693	120394.834870609
69.99007002909897	24344202.628723104
33.05856940402242	1231618.288924222
-43.807970435276	3600894.4909686754
-15.751108576267669	57877.86738722158
-27.61583887673713	561286.6929998051
-54.832569708184444	8877800.493476488
11.395193055678462	18483.04909107338
90.66939285655639	68337534.90739118
-9.06311982299259	6076.633832944008
84.89882544630831	52571761.460179284
-98.88528756477959	94657903.18032108
4.668892064912029	604.4194546933826
30.451593264560728	889080.9220161361
-11.027794503829242	13560.009280882708
99.62469445530525	99506016.69233203
21.7725435799925	235535.3381551288
-12.49581359046607	22574.858868509848
26.189122247805898	489093.22292018926
59.85328683029641	13051766.636913996
-83.17687870622102	47295549.664369054
67.43694024218235	20993249.28724492
97.1563141361689	90027946.55107799
60.07092549792847	13241824.861297973
-30.456420799869434	833076.7843920288
23.29587860512933	307730.6954054467
47.63788124861895	5260455.769354186
-35.89422970157263	1614971.075803466
-16.806100384999752	75295.02347495365
51.04699435508289	6925846.756914508
-63.08740759607714	15593395.864800414
81.19384186935318	44002204.75455779
-58.59836610749512	11592929.129321417
24.576910802972336	380320.30931137083
-91.43984916529806	69154154.66126843
10.503118437823161	13449.984205496565
-79.95567561303494	40364463.58142997
-67.47667317430268	20427991.053257108
-0.2285396700965947	0.8144820093917519
96.55105217541308	87811133.00610888
-26.851330206899732	501167.74909959926
82.38184327200773	46626197.871262975
-74.80239552238504	30895455.378444497
15.363875784359777	59598.014052913226
74.59712664112877	31386987.77001319
-29.202705871669338	703185.0656391355
0.8711656703248423	3.867222907036923
32.51719214504982	1153500.1491616783
7.355577658773996	3387.7294946946918
-59.39907409638418	12242443.154792843
-47.01562352348703	4784410.441981807
-40.26631466046619	2565155.7154723755
-14.995306090082039	47400.69325063739
94.72889355451596	81383962.84596999
28.666420646421273	699703.9869387721
47.19458083074011	5068385.423859957
34.40239932721789	1442666.6436094388
51.06699191342244	6936651.6065148255
50.94195588222195	6869300.71938242
-12.612391309821277	23445.209555734527
-33.83738030175623	1273321.8239571776
-63.311215980310024	15816724.622853322
56.093648602729644	10080148.084888924
-36.257257470742175	1681759.4507080442
90.29472513216993	67218078.97771761
18.843525335654803	133146.55526354603
-14.735151299179321	44147.15278525287
90.70840635502776	68454900.41819333
45.01965816940802	4201112.364243329
-95.618637355689	82727870.18009011
-24.246363232474238	331920.64096707397
27.982423927946826	635836.8183039137
-24.43065389117065	342229.9219366804
-96.67637456701286	86459405.87787254
-89.35805699635533	63052411.47036393
26.956679039081877	548381.4822527604
-0.9554320081366541	0.9185476082839583
71.62401348632687	26689526.661881603
-6.367087680847334	1420.528054309191
78.39183852389593	38252435.041992866
-15.250307798149706	50761.211763072046
87.87257334250748	60309265.307324156
-91.44306194408665	69163900.50602263
99.52201094411271	99097442.47161376
94.54496814156408	80755417.68047416
-81.85608438526806	44353758.293234125
-6.5450194054363635	1591.9539107926705
-46.86939408882675	4724858.069994712
37.022606529042235	1930900.151333669
-16.685263392019166	73123.02300782893
70.94906734300491	25701089.00898681
-55.9056269119534	9596710.595533907
19.661919633840853	157461.04180871244
-89.84882299169865	64452928.72481334
-77.65906894310113	35909726.38184514
50.3078319307042	6535248.384367171
-78.70847593537388	37896841.04500113
45.80404594333518	4499890.771403955
76.12193026745058	34023753.49539873
-27.82275059460156	578448.7885378277
-55.2074007754872	9124162.285621101
16.69537074464091	82643.44730035681
94.09729957635886	79240775.43217275
-91.96809802553348	70770469.87101248
75.86541162933645	33568959.16696766
97.10806348394655	89849702.03140959
49.70419398483173	6228720.106651611
80.2118567819966	41918202.838478185
1.8626518845541682	24.83177882434007
-31.94341032309478	1009573.3044678884
19.51957222998159	153010.19733013355
27.17517503902029	566202.9486051947
87.57161355800187	59489627.19244943
-77.38316976090664	35400529.2116574
89.48770725335126	64853581.33895712
-70.65357794747163	24571570.618756898
73.58251069771876	29719467.53919356
-25.675762299237206	418311.6233117124
35.36702149434828	1610091.396739948
-43.504947196284526	3501748.425485401
79.39222689152302	40236196.17684792
-80.10383026529617	40665400.111647084
6.221515030082543	1784.9976434177745
-0.31630983410741464	0.7621050585520711
-45.06861362945902	4036136.573881904
-18.1010364783901	101732.6851501086
66.59564822421908	19968903.783015124
49.04417439627531	5906040.27296159
59.58213176319833	12817845.014729882
-5.226989687600664	626.7457007490219
-84.12969959417364	49506883.736297965
36.19334562911857	1764749.5874138332
22.41137182641704	264056.96960122103
95.30091396870446	83362249.70260125
48.01175105827994	5426643.584572341
60.76430287804152	13861197.144681426
23.939709999959845	342772.8750896518
-34.36138697807452	1354640.7814746234
-82.27819498254996	45278546.247295596
83.44520718438861	49072882.93369644
-89.59666427016025	63730451.81688226
-72.6192463952666	27432622.128825836
1.6665713352922609	17.787150736214954
-1.7607237965436866	6.491839034000757
-72.38969256776011	27086231.933459602
78.54584980222762	38552953.46333641
-26.298389839811094	460796.1031932044
12.832152037284942	29405.765737727703
-91.72958112181391	70037196.53565235
-23.74371698911301	304985.1216808607
81.79230493953654	45309809.50301934
-74.69844368923205	30723509.092736818
-83.6985726734735	48496921.15741676
54.86441819538476	9228941.996615915
-45.51320383511417	4198660.776115064
96.50671743298861	87650379.4427088
62.936739818387366	15943103.648836056
-94.71744479039828	79645046.66863562
5.026946798458255	796.9117728994529
83.13375832704705	48346537.59980573
-39.822203728832385	2453183.346896102
-66.76629113032426	19578190.15236739
-41.69528868427819	2951582.824784747
-75.48592394175175	32044120.67884286
-34.758750623078626	1418856.4551404987
28.095306627125524	646062.8760647653
-24.632687003659143	353805.7249221561
-58.60845451259178	11600948.139187623
-10.009173607431123	9125.1647286985
-22.199886003204213	232417.03225899825
-30.110308910494595	795557.8209200192
-40.70658942658578	2679901.9912474975
-14.192729289531798	37904.82976406581
-57.987421445250106	11115002.7540248
82.4084751281182	46686333.75393378
-41.03660581550035	2768404.359198837
46.854412184411785	4924604.259913786
65.87510941431705	19121794.39244925
13.738042352601582	38416.75505543475
-96.57737589422884	86104900.73707229
96.15879469217435	86396494.68605289
14.0711382662724	42201.89540277196
-20.51552303355824	168912.262571565
-99.88959662057466	98572304.76651298
-5.957402478590424	1078.6870217971596
-51.97618887938662	7160468.674914284
92.36686845899521	73585519.32538265
-18.188115222732478	103730.47929845013
83.82194758520473	49962400.665208966
-93.38597767890724	75249023.87826245
-93.10114035385789	74332735.611801
60.74455898290799	13843265.76343381
-64.66721185266655	17221544.822369453
24.820431230494194	395454.88783874555
-8.755266593614635	5273.709130696701
76.45411253154595	34619543.877996095
-58.30551191330151	11361953.442494389
2.4729815202615697	62.11350113722729
83.27987560650777	48686293.457959525
64.98461736557803	18112452.229954634
-94.38673414817436	78535645.486925
36.957790609985665	1917507.1740725797
-83.9058668066501	48980582.04854664
21.36593276358765	218627.54784933277
-95.42956220819593	82073785.01186031
99.48490556430812	98950111.35616492
76.02620687377478	33853503.84136535
-87.07637225751597	56838448.99563774
-2.2733306671845526	18.854613372727126
-65.3424831414965	17955043.021135163
-20.74433821530826	176665.53838913108
-64.76034301311824	17321345.821397904
-88.23816017822233	59942052.99058589
76.93879503589014	35502848.5771631
-94.05022255403759	77418722.35270697
84.22521386147949	50927891.03528808
-62.84166394890427	15350912.012384122
-15.3259805614979	51791.98908071526
-21.479984003446646	203410.73314562874
55.6854502990808	9791221.743175024
-28.46415450239354	634158.0072310788
3.594697498039608	230.94089990284647
-26.41568445651974	469148.44556571014
4.627327119829914	584.6009711125485
20.258691389847172	177186.26039587663
3.096051165074229	135.24132340814577
71.99932749665055	27251346.415759392
60.46015820984121	13586898.638573267
42.68774090592552	3400223.743706913
54.42488647060836	8938076.14269625
-40.992951080161546	2756573.1973503744
70.49998996599015	25058815.222690027
-94.06713377401672	77474566.71332057
87.77590560083581	60045081.62157656
-57.87542781418102	11029021.832395516
56.65529544370321	10488081.413106315
75.91940762665013	33664310.11700688
-52.79029902085017	7621959.775318021
-92.55563477038866	72601295.20978901
-90.28092376580386	65705230.69787959
90.54942081139333	67977564.77767152
-91.93212579272385	70659513.29361019
13.1452277112855	32317.205515875634
55.816988599373815	9883638.117764486
90.21619239442032	66985188.46716863
47.83230304221544	5346393.7747855745
9.73729428530865	10018.658039967842
-23.47430343024189	291241.52124880475
-5.202544077845928	614.6429654291114
-19.925885200342492	150108.20068287925
-54.41884256587068	8611703.17628633
-34.409734818154476	1362335.153247924
-87.57568570375263	58157162.53342866
-39.65345205819182	2411612.8019654276
-25.688512026066746	419150.9192599085
56.656143262640114	10488706.403200218
60.59023411796568	13703706.8858705
67.40190734605639	20949823.934667397
54.903646767849295	9255242.670349387
-82.22559253033985	45162519.60285975
-8.343769462723813	4328.128087452434
-18.68604920881829	115725.49985096419
-81.30179765499553	43160992.26876788
-2.218374468514625	17.00384361364832
38.28980534637515	2207118.6017906545
18.39787781621618	121155.23071330313
-11.044843423393758	13645.80940424642
-1.11617116903831	1.2912108830098477
2.50547408108541	64.9164937959047
-59.40431126840906	12246779.230146358
-82.9048371305682	46678012.25113668
-77.25132130007925	35159112.357595
8.57087928349631	6109.014841547789
-91.39744846991024	69025630.20136826
40.97590177712763	2889643.904922036
85.45754311533182	53965172.584811606
-1.926041057049261	9.400070962597956
-12.079726669600333	19664.75579839243
-47.22718616026358	4871564.2160146525
44.00623596397784	3837423.0478307176
4.805486801018134	673.1428216374578
-37.92871983896515	2016372.6914447313
25.550249559305	443526.712073165
-29.367708870623147	719346.8130168827
-59.9797694952825	12730286.691010071
56.438281239756975	10329020.485156415
-83.80152018176143	48736669.434622295
-48.2099784315696	5292142.294272352
-12.468313711576442	22373.133913411864
93.70610753995373	77934749.4731284
-45.142052157348765	4062651.6692863777
-19.152959860400813	127891.24674716408
-23.973259370720527	317073.7198275252
95.21180916302364	83051741.50454758
94.27526904715927	79840342.61971563
-5.539571823633295	797.8383718733421
84.91328013237697	52607466.8723723
95.1679093556333	82899080.90024999
57.60874867696012	11208787.978132868
-5.894932348474839	1032.5833593400232
17.375677706768357	96718.42279732009
23.6175209139126	324882.6233801118
34.92481431915115	1531627.098201169
-34.46251988103771	1370773.0736762872
-71.4473625661076	25698538.727771252
58.33139537039219	11779295.445665536
98.7823611068946	96191454.72247316
30.641845781645685	911316.7503395012
-16.763016352141108	74515.12868963834
-37.472305995276734	1920453.9006320264
-50.2151133496542	6234104.815442645
85.70076621383888	54580333.47338556
-30.035708095107054	787639.9464985563
90.19441632218033	66920718.36740114
15.84259942496638	67239.0865400155
-45.66610861858153	4255674.873625512
87.43570641437631	59122246.79700433
9.937254393632472	10842.35037616555
76.11277453305794	34007441.77367805
-14.711032859805485	43854.253344266996
20.666673590100388	191699.89559132507
-68.35490371233293	21516479.126206864
3.830330477057771	290.94909762199813
35.916865855200996	1711815.291239847
89.33426203136153	64411154.80349333
12.355935575473211	25360.262699444593
38.55002885850891	2267322.2884322144
-11.157233309929481	14221.661395367399
-34.99390351594225	1457917.7061870499
-18.132686134434678	102455.43361255364
24.633004712684723	383767.29431431164
2.1934158581198915	41.70359770533558
-20.4947749443444	168222.0751329873
-56.0015016795576	9663001.956768926
7.695538670887544	4030.8209790445003
-50.9170334777111	6591823.900417912
76.85454228252453	35348102.8360483
81.14234433131986	43891023.932690285
-65.30139887229787	17909758.613744758
-80.40135050068386	41274812.41871744
64.00855489546075	17052599.497110385
89.13442672929938	63838370.68365493
-13.404713112554774	30045.81636131673
-69.73284649229714	23311264.485818807
10.655523036658579	14226.39607653179
-20.87733961243636	181293.14402481928
-24.144441458195416	326320.1378902766
-36.8753009312083	1800204.2395657878
64.5861440414883	17673977.35477441
-9.838648430094722	8505.635964715819
-86.09793358944304	54319503.25189033
91.40580594872168	70578526.83342867
79.55550654208469	40567158.88270115
16.86134253232987	85925.18828350541
-54.42960842687876	8618550.686862161
28.808266424264446	713529.0947707832
65.70604331486152	18926997.890790872
-92.39000266381363	72081615.31746757
-46.338671676598466	4513379.33690689
11.472891413327076	18979.97475113101
-7.839297720869439	3349.520952682101
64.18911997763018	17245063.609205473
31.217497435933637	981142.1083217955
91.03488587585755	69442994.80938664
-82.7031636159226	46224129.51091506
19.477990425447686	151728.03990678868
93.97603859829968	78834194.07134853
-96.95517425908584	87463645.48918578
0.48771695125195436	1.8981780479259873
68.81197878850634	22751698.095230706
-5.274107283978651	650.5778446506241
27.294935860354855	576153.5551798178
49.543159643123374	6148801.318266179
11.97123090653514	22409.745106526716
28.74012051560655	706861.8759557843
14.683278636968339	49879.76448388321
70.08894178875812	24481553.55904749
81.08537705581733	43768279.793906055
-63.60066534305897	16109100.989541555
21.952272962681434	243313.52053316822
30.284734503476898	869916.454028341
27.291787851319114	575890.3291026512
-91.87232994425898	70475361.38819808
-25.080816665738453	380528.5318576949
62.0338036300426	15051217.033276314
-24.599020976929125	351856.6846030539
-44.68884275912735	3901084.7648310536
-57.08570428400568	10436804.740868013
62.49995683483229	15506856.772779308
-84.09820961801813	49432585.666240156
21.793510603250212	236432.98433946405
-52.768017306492276	7609039.890259856
-47.07115801831343	4807173.878913891
94.196018014349	79572932.55032225
-82.25157456820034	45219800.97729463
-41.9910000314176	3036711.569198364
-29.81215088276265	764266.0280901849
98.1805010230934	93874380.97900933
43.23736738327207	3577662.5158053758
-65.36592625600737	17980921.229233798
-81.57265777160646	43740807.81990469
35.98445436793088	1724644.1407091643
55.92931520903028	9963073.26517293
-82.59693825484587	45986395.84084411
-65.22113150691521	17821532.55430544
-6.141122262174775	1223.268996744671
95.564926348509	84287380.78887583
-26.207533646823848	454403.4503927525
56.18137231290174	10143065.23868849
-85.67532851080814	53257821.22281062
52.233874367249825	7589339.845529751
-63.388889208218814	15894789.285590444
98.06404943801178	93430937.99095115
92.27575087877383	73296379.82850645
66.20332094017229	19504245.770095512
63.2442583922367	16255720.53937202
-6.181513741442359	1256.916174294449
-9.715021329628698	8076.640840332674
2.8204398927830425	97.49172005678791
-87.58846960213398	58191223.923865065
-89.03588586332324	62145513.158360176
-82.11469760604018	44918646.39180752
64.11300080570248	17163730.714711383
71.70451989060209	26809300.550628856
62.29437189097317	15304651.919437733
-94.34985136755014	78412640.97981928
85.55793979449885	54218462.590270765
99.72125808324122	99891391.57992914
-78.20559637330227	36934590.87795597
11.887294184522219	21801.845899267057
1.6556054160683686	17.447939243063047
-84.53181709333992	50463030.12788144
45.3657526031333	4331045.48759577
-75.48442649337966	32041569.74922336
39.835867289820015	2583083.062605911
-45.31955599989666	4127279.1775668953
-86.67654409081851	55798755.45695237
73.35980680626969	29362531.510835193
96.76089487674352	88575004.91953492
-38.06879158354959	2046517.596241175
-79.14596748441336	38749159.413104154
96.20881988858261	86575947.97929625
-73.57660461937758	28913196.33229815
-47.984006122465075	5193118.34952056
86.47099602934449	56563144.14641336
-8.301229606952404	4238.213040948734
-66.89715348925259	19732705.14092196
-52.468125438907684	7436743.177056785
-57.33700422032166	10622600.95510084
24.767261337786223	392112.55262533197
8.907322363113096	7090.85591115825
16.40553759012728	77139.19597753837
-8.954996431519646	5784.868862496911
-96.41753429295179	85534825.13875332
97.15705938533833	90030701.68163198
88.21900497475539	61263195.70174423
82.4425975929897	46763468.74677391
88.15096227951662	61074947.29283676
16.62530601439063	81286.67627042354
48.63720300733735	5713427.274601119
-70.5282208420525	24397044.562025134
-24.536416132988023	348253.7045535135
52.45885934222497	7720297.911985183
-42.31832138914016	3133073.2359085386
46.39792490078483	4736491.736764736
63.068145765086314	16076131.1935753
41.146971781525906	2937897.213455003
-40.08327062886665	2518550.9934369475
75.48618389851077	32904979.812704723
-36.61306960922628	1749209.9350553208
54.81583960780165	9196450.370512523
-5.7502122555160184	931.474622098265
-13.622080190156112	32078.121450118615
-22.782720049759902	258087.1698753197
-98.08542603459173	91624714.18749985
0.4060565211039062	1.6650758298614465
11.757277961005585	20884.76558244474
71.05731132539498	25857729.432038646
19.3549585326886	147981.57946301196
14.526733559671897	47824.0385970143
-35.49662832948988	1544126.1546999835
42.1279371753038	3226369.0269321813
-40.67364797152868	2671185.894144835
-32.19716575753601	1042286.7641920408
-32.36942163488909	1064942.1854755622
-6.282480255956429	1344.0663798756107
85.8117132029987	54862681.02581267
-69.7381193988593	23318341.013574578
91.66144699502055	71369211.39147364
-37.18036070687529	1860921.1549714138
-94.67538889333429	79503317.7394094
75.75066625256378	33367004.2554173
34.0441431174178	1383940.8666422034
-24.523113339029038	347491.69268985884
-46.0476841330399	4400486.747680061
18.275162029738695	118000.49747843195
66.31478599764617	19635427.16748525
-4.234928357918648	260.3983965106508
7.8632877768172875	4380.000845431705
-23.023380652878572	269284.53572114854
-95.75238935202664	83192926.27652839
15.808425941113441	66670.51462009228
91.58753037039168	71139911.8642441
-48.71848235617653	5520150.179062758
40.67598850590633	2806485.6117580235
-20.765890817711636	177409.34703673288
-9.706466244311656	8047.567558512301
57.19049861830061	10888210.99797978
22.424106128726635	264650.6184948463
57.14144550094554	10851068.904912263
68.73469924284845	22650040.162638087
66.87778089128372	20308147.48591328
85.47723247200628	54014776.60605383
-32.38218689195371	1066635.6692289305
-71.46061339983774	25717674.356409345
-3.0250537295225683	63.18366782918713
-60.39888362039581	13091339.421197033
-76.1490703809467	33188859.780972615
-89.46812277093208	63364504.99421275
61.31170385374375	14365320.784319356
50.07255360805618	6414459.116055938
-16.66159326155399	72703.12878886482
12.634235345239574	27669.77442426879
14.75285689556533	50814.43524873437
28.96423077546592	728965.7046725324
15.780846694481497	66214.29324329879
22.586730083002536	272320.21089379187
-8.231763699895822	4094.409591268959
-28.468722826668994	634568.6752881965
11.989327162752488	22542.45443518382
-63.88324081634282	16398426.058520563
92.09655685240281	72730237.6692477
56.54273794802495	10405354.642397225
-97.51646830691898	89511943.58700046
-50.12847219743162	6190981.815545996
84.14773106904906	50741306.8893346
29.77414081995161	813193.3287652283
82.54631137442888	46998504.13880185
-94.30162742745765	78252031.60736343
-54.028440358197805	8366136.603548032
-85.4468529329985	52690360.80181159
-69.26928234582289	22695404.271711
18.501570649824473	123869.89411771596
14.17892374954073	43484.61526026151
95.5369930919544	84189136.79382344
-26.501740659506126	475348.1954916982
-53.510629437277935	8048576.973346976
-43.749029418918006	3581446.725281139
-65.16753282435373	17762801.21906343
7.212835410144663	3142.085622447502
77.92828642400013	37358512.36838431
52.992170010103365	8037492.400247543
99.2700527837903	98100241.0772155
9.290551617930419	8348.679725508386
-19.39514049024538	134566.85606524177
97.05516988318666	89654610.07364988
-17.10167078013292	80811.7186817289
-41.97652107879306	3032501.0399075057
-98.46016680557956	93036561.85474111
-14.939049834981418	46682.38492250438
53.937560052702224	8623678.589104448
80.19588403649607	41884929.10838531
98.10938649925552	93603392.52387169
-78.81865284328613	38110148.84806252
-53.452427503996525	8013457.193511906
-54.13818146077165	8434626.960287819
65.83203585743743	19072023.335688367
-39.42206641453889	2355474.5682745376
46.265538994417824	4682959.827848311
-14.382585181413688	40008.857626410776
22.63837583058455	274790.42462812446
59.640727629743	12868126.3173583
-55.602893209719454	9389626.56955356
-9.410648997466396	7089.668944005272
49.328912936319455	6043669.361857015
53.14185918392269	8128252.90386123
41.85717522726591	3144714.6249734503
48.173527951832455	5499762.11362398
74.64071376146651	31460160.167912323
37.60777630656065	2055014.6397561927
-87.58647947563183	58185920.45219085
94.99779180339735	82309488.04649568
64.62116010892117	17712186.13909141
-91.78174641834151	70197079.3386621
68.17041180892306	21918032.998627458
-45.35886744324813	4141695.7826609984
-75.81953048459891	32616233.32756605
93.00454075803322	75633030.30599141
26.670584938067336	525686.5998555074
-78.40205244078287	37308297.52264114
37.92048308990158	2123742.834575654
-94.84423290264814	80073471.23368435
-82.62635519808316	46052139.29174064
-56.468346967756425	9990717.257115621
21.09893419263304	208031.67015671334
4.6816752665070425	610.6154826377926
-42.00512017010756	3040821.9759026715
24.649710607113803	384798.3898768806
34.577245404682486	1471996.873946418
-41.658836308532	2941214.3124040714
-6.966922421582694	2060.3487725354166
9.847093059347216	10464.89619522248
18.574538097926634	125807.34517556748
9.044722975149838	7524.161003042262
-1.5624279106983323	4.023948331475729
89.54790980734958	65027783.58918344
-36.94432492608672	1813810.249894351
75.82058756285153	33489958.821862195
-86.64565401504602	55719028.41779715
59.104063388926164	12413098.229764016
-82.65495953863125	46116134.24400169
94.38319414529278	80205588.37774752
31.41608522341386	1006136.7247588062
-51.25068495333662	6767159.040321241
43.558645364265686	3684546.372941552
-29.467959803742232	729301.302961938
92.48145040944641	73950330.57487193
-53.47202604147672	8025270.336126633
-70.14384124664252	23867691.519437455
-7.751545133967824	3197.953772106399
22.872453597435396	286197.74182094075
-40.42444992016174	2605936.617829906
47.20171564495152	5071434.451631948
35.54911772107096	1643263.3309341073
-41.263725313666534	2830573.245583315
40.33707008037405	2714686.82176505
39.695947325026225	2547213.604377896
-46.66239248109034	4641508.761461814
-16.16690153793779	64334.27980924751
-49.506347520830275	5887873.4835212445
12.072605674826491	23160.79969738417
60.11305608794899	13278854.891694812
76.57878786393798	34845164.27937845
89.80212235559318	65767246.322276525
-70.77845617434289	24746359.324774753
-6.502426819091596	1549.5762676596703
-12.368100467746672	21649.447718050516
-25.51183780986254	407632.6217602061
90.42682586199692	67611195.77604309
55.14120949648026	9415718.916289879
75.394191583301	32745408.6926495
88.68770797453368	62571769.625616424
-32.64487450673303	1101935.351768211
-15.868286828202656	59645.77205386333
85.16792183906844	53239460.624430284
-94.48761678249433	78872829.5712764
13.26040295930899	33440.88827580051
5.64215737967713	1231.4879255597132
67.49640677751339	21067116.10215023
-56.41173005936613	9950535.692661596
-50.47506961115551	6364842.941955543
29.76655023733278	812371.5872221724
72.96779926062504	28742068.304931365
-50.23582226363488	6244445.320030082
-30.60793873636686	849912.5816394662