X	Class
-12.801019571599255	-20.60203914319851
-94.81475363442173	-184.62950726884347
9.932495575741825	24.86499115148365
-12.935521476344618	-20.871042952689237
-15.926439582502198	-26.852879165004396
-33.93303579922518	-62.86607159845036
-59.0702731924315	-113.140546384863
23.85419327013274	52.70838654026548
-40.069065265095375	-75.13813053019075
-46.63454497942667	-88.26908995885334
24.22676655385898	53.45353310771796
5.8284188554078185	16.656837710815637
-73.0840109310133	-141.1680218620266
2.7156242531492865	10.431248506298573
-63.112026870616944	-121.22405374123389
57.0670295633347	119.1340591266694
70.79505852789777	146.59011705579553
-1.152632523614443	2.694734952771114
69.31229707149359	143.62459414298718
-84.07090459818781	-163.14180919637562
1.0492180243407887	7.098436048681577
-86.94269912262438	-168.88539824524875
-14.375534480522106	-23.75106896104421
-80.69381686787749	-156.38763373575497
-74.5680056597445	-144.136011319489
19.34906179571915	43.6981235914383
-54.79759987915283	-104.59519975830565
-78.61086313800341	-152.22172627600682
-55.93875858588806	-106.87751717177612
-30.034742999340153	-55.06948599868031
-6.442503083539947	-7.885006167079894
-59.651354747006934	-114.30270949401387
28.081345042982974	61.16269008596595
-3.3860328896496696	-1.7720657792993393
1.0473440037098243	7.094688007419649
-22.621469776288137	-40.242939552576274
58.7274908883154	122.4549817766308
16.000835775561328	37.001671551122655
-67.54028029953722	-130.08056059907443
40.150469321431245	85.30093864286249
92.91021601785104	190.82043203570208
0.0016722340433545924	5.003344468086709
77.90401278922897	160.80802557845794
-31.677269465778068	-58.354538931556135
13.428825525541853	31.857651051083707
-14.490807340777991	-23.981614681555982
-12.6505473946402	-20.3010947892804
55.31183699942005	115.6236739988401
7.120834699531258	19.241669399062516
90.74844538897332	186.49689077794665
8.841632029620428	22.683264059240855
-83.58101554499504	-162.16203108999008
-26.731519664995915	-48.46303932999183
70.17010080090034	145.3402016018007
-18.744991390409837	-32.48998278081967
-94.55952682103008	-184.11905364206015
-50.564552200529334	-96.12910440105867
-86.57112585260907	-168.14225170521814
98.77040228425457	202.54080456850915
94.1160626754347	193.2321253508694
60.05167022651736	125.10334045303472
20.363424281093472	45.726848562186944
52.991972090336304	110.98394418067261
-66.15491068316442	-127.30982136632883
-41.39535363611204	-77.79070727222408
4.813375060072843	14.626750120145687
-28.67514377544822	-52.35028755089644
-90.86420695091999	-176.72841390183999
96.63068907144253	198.26137814288506
-11.729016129030654	-18.45803225806131
0.8000878758305277	6.600175751661055
-35.29173649306023	-65.58347298612046
-48.05104945057259	-91.10209890114518
-22.622022935847525	-40.24404587169505
66.40337992690019	137.80675985380037
47.34941125742259	99.69882251484518
-24.15788661167251	-43.31577322334502
-97.39653266108988	-189.79306532217976
59.480987806518726	123.96197561303745
-46.12224048073976	-87.24448096147952
16.536977705806905	38.07395541161381
-94.88981163006144	-184.7796232601229
32.440403853665146	69.88080770733029
-22.495314825343698	-39.990629650687396
-0.5852402530974814	3.829519493805037
-17.01883252506255	-29.0376650501251
-29.825619739671907	-54.651239479343815
10.195581064883854	25.391162129767707
94.58213797496498	194.16427594992996
-77.4447569523857	-149.8895139047714
-37.348294314057284	-69.69658862811457
-91.64045803693799	-178.28091607387597
47.67995172418006	100.35990344836011
31.50247753180878	68.00495506361756
-57.07285072000927	-109.14570144001854
-16.64931196093258	-28.298623921865158
28.768386829639013	62.536773659278026
32.296265343088265	69.59253068617653
-65.90457330324585	-126.80914660649171
76.3304471497097	157.6608942994194
55.60163196169364	116.20326392338728
-73.20915836566179	-141.41831673132359
73.78332528641576	152.56665057283152
49.755575655370905	104.51115131074181
59.71713081981619	124.43426163963238
8.66904611678055	22.3380922335611
-55.832416987707624	-106.66483397541525
83.6917293179201	172.3834586358402
18.416915533275272	41.833831066550545
-30.752418108970716	-56.50483621794143
-47.24429414399604	-89.48858828799209
82.7830954330264	170.5661908660528
-16.052907738635852	-27.105815477271705
8.038303133426169	21.076606266852338
21.68843156100992	48.37686312201984
65.24996568683159	135.49993137366317
24.71263691242615	54.4252738248523
-64.65756768311479	-124.31513536622958
18.25147053070917	41.50294106141834
-2.146766601028176	0.7064667979436479
9.581556018075332	24.163112036150665
39.904123958109636	84.80824791621927
-50.837767219173855	-96.67553443834771
-62.67457088270396	-120.34914176540792
-77.88337044076778	-150.76674088153555
-45.188149492789265	-85.37629898557853
-97.94999212008182	-190.89998424016363
25.871944565916436	56.74388913183287
-40.9655389560515	-76.931077912103
-62.542691059620445	-120.08538211924089
-80.94238954783926	-156.8847790956785
-43.24883850694907	-81.49767701389814
-57.01512317386095	-109.0302463477219
-42.87925321781954	-80.75850643563908
-5.718028506064201	-6.436057012128401
9.899364217681608	24.798728435363216
69.02262311494033	143.04524622988066
97.70194015683288	200.40388031366575
-90.22638275412973	-175.45276550825946
-53.57634971276721	-102.15269942553442
28.662285449647044	62.32457089929409
-67.70668742166465	-130.4133748433293
74.02917867380029	153.05835734760058
-56.519514738994815	-108.03902947798963
48.351007776689784	101.70201555337957
30.604102646220213	66.20820529244043
59.77710230092592	124.55420460185184
-93.75048754694768	-182.50097509389536
-54.085194251130964	-103.17038850226193
40.925499824091844	86.85099964818369
-82.48749819977543	-159.97499639955086
-93.88210336113613	-182.76420672227226
-28.573013260087848	-52.146026520175695
17.956398294352766	40.91279658870553
-89.55545452316795	-174.1109090463359
-86.8672667587245	-168.734533517449
-91.29976278805687	-177.59952557611373
-20.969848306499244	-36.93969661299849
33.68540920321155	72.3708184064231
-60.39457763676608	-115.78915527353216
75.25329034083182	155.50658068166365
-13.522180911030517	-22.044361822061035
23.928292741992934	52.85658548398587
-41.914651413002325	-78.82930282600465
23.050914692855258	51.101829385710516
90.73199247646454	186.46398495292908
-10.397056695182073	-15.794113390364146
-58.59003234933715	-112.1800646986743
-14.926541618922712	-24.853083237845425
-11.085147047248455	-17.17029409449691
1.5234973343922746	8.04699466878455
5.146649962191589	15.293299924383177
-91.51416162349078	-178.02832324698156
-67.11618276597599	-129.23236553195198
-9.954564076525358	-14.909128153050716
41.59423412378416	88.18846824756832
55.51758166110673	116.03516332221346
55.42059989392894	115.84119978785787
0.5557505018442868	6.1115010036885735
91.34951866144951	187.69903732289902
-33.62525749202483	-62.25051498404966
-3.7083675307933532	-2.4167350615867065
49.67479986820726	104.34959973641452
71.56790368790277	148.13580737580554
-17.107988973417704	-29.21597794683541
69.73690285346467	144.47380570692934
-11.085811649858158	-17.171623299716316
43.149416857270865	91.29883371454173
-98.31032728423605	-191.6206545684721
-94.9597152658502	-184.9194305317004
88.09009870841771	181.18019741683543
-79.5724103537613	-154.1448207075226
32.39355808794153	69.78711617588306
-43.348251235775834	-81.69650247155167
-59.83153124491092	-114.66306248982184
-22.333163577048182	-39.666327154096365
85.18031930169985	175.3606386033997
14.05484195014381	33.10968390028762
83.34292239157651	171.68584478315302
40.45284816394499	85.90569632788998
0.2432903374173918	5.486580674834784
1.2173667025277695	7.434733405055539
-56.235842734125455	-107.47168546825091
-99.06729545299002	-193.13459090598005
-16.432751199456845	-27.86550239891369
12.675222067807027	30.350444135614055
75.3123736846654	155.6247473693308
35.516968045581876	76.03393609116375
68.46660922069424	141.93321844138848
85.232257384984	175.464514769968
88.22317472672444	181.44634945344887
63.20383038487881	131.40766076975763
-73.72107890411124	-142.44215780822248
-30.6739970019472	-56.3479940038944
-58.299501094895504	-111.59900218979101
73.47630743130469	151.95261486260938
58.46604386125159	121.93208772250318
-30.19967186322812	-55.39934372645624
13.82810641112708	32.65621282225416
61.02630805114032	127.05261610228064
66.63224894679524	138.2644978935905
-58.8412646099856	-112.6825292199712
46.13604010522312	97.27208021044623
60.68283283188981	126.36566566377962
-91.37419272932745	-177.7483854586549
-78.56251915368402	-152.12503830736804
-12.983270028234472	-20.966540056468943
-55.82375562785118	-106.64751125570236
76.12441323313615	157.2488264662723
43.937507544882266	92.87501508976453
42.60145870939621	90.20291741879242
53.97193139854039	112.94386279708078
-33.850594766119045	-62.70118953223809
-54.27794963338022	-103.55589926676043
25.268791840205267	55.537583680410535
-17.10415009492216	-29.208300189844323
87.35621444683719	179.71242889367437
28.490483780558463	61.98096756111693
-22.619931397526358	-40.239862795052716
71.02393216083811	147.04786432167623
-23.841483256758394	-42.68296651351679
-64.33803444445596	-123.67606888891191
56.331885133216275	117.66377026643255
-5.558282516839725	-6.11656503367945
-48.10391911914458	-91.20783823828916
38.479849176246205	81.95969835249241
96.0970157997557	197.1940315995114
-50.74928220644204	-96.49856441288408
58.04876051880905	121.0975210376181
52.46704884481176	109.93409768962351
-75.9920415645172	-146.9840831290344
67.78051891180013	140.56103782360026
-7.6522190486936665	-10.304438097387333
-74.84372348938248	-144.68744697876497
7.268694619213704	19.53738923842741
-40.697449841074196	-76.39489968214839
-64.85516134865388	-124.71032269730776
-84.15236585984007	-163.30473171968015
-60.220181634100165	-115.44036326820033
-14.082276188717245	-23.16455237743449
28.36235272576633	61.72470545153266
-82.52416424204071	-160.04832848408142
43.14611755419304	91.29223510838608
-79.65103780732359	-154.30207561464718
-64.88018581823562	-124.76037163647123
42.66431243148213	90.32862486296426
77.05273488209784	159.10546976419567
96.62767220861446	198.2553444172289
30.581390140242917	66.16278028048583
-4.452729398724927	-3.905458797449853
-82.44248902300112	-159.88497804600223
11.790158939455338	28.580317878910677
-63.76995411827071	-122.53990823654142
2.8804120942441216	10.760824188488243
21.786029786878316	48.57205957375663
66.64249802452085	138.2849960490417
-35.2498835487707	-65.4997670975414
97.7724186639413	200.5448373278826
98.99005199355864	202.98010398711727
65.23016388795935	135.4603277759187
38.83050908503668	82.66101817007336
46.733959619395335	98.46791923879067
75.05376196093252	155.10752392186504
90.30202966914646	185.60405933829293
70.45258531951023	145.90517063902047
28.187727955772857	61.375455911545714
-85.30032305711268	-165.60064611422536
24.676942859167724	54.35388571833545
-29.35722164289629	-53.71444328579258
-67.04427535514073	-129.08855071028145
78.63323731340867	162.26647462681734
64.97809624133589	134.95619248267178
5.327684770566663	15.655369541133325
-7.3101487692855045	-9.620297538571009
-2.1397423745748796	0.7205152508502408
-47.855996056109596	-90.71199211221919
-19.472415373370524	-33.94483074674105
-12.666024054594004	-20.33204810918801
-96.988773150326	-188.977546300652
78.58117661574315	162.1623532314863
-94.17013643049765	-183.3402728609953
-25.421423197654775	-45.84284639530955
-80.82533706144557	-156.65067412289113
-60.607135929992296	-116.21427185998459
88.48412247942863	181.96824495885727
-25.745765666420724	-46.49153133284145
45.80016036429541	96.60032072859082
-74.7679782741957	-144.5359565483914
-49.743415658558135	-94.48683131711627
76.24705942424629	157.49411884849258
80.65923009780309	166.31846019560618
-42.47294835682241	-79.94589671364481
93.42262630245926	191.84525260491853
33.61986712503818	72.23973425007637
0.6013547068653082	6.2027094137306165
-24.399518270288894	-43.79903654057779
-32.52634114070834	-60.05268228141668
90.40214101660021	185.80428203320042
38.666765717844584	82.33353143568917
6.820340014667451	18.640680029334902
-91.30206041274451	-177.60412082548902
-50.4898248754919	-95.9796497509838
88.63414453344166	182.2682890668833
11.372033248650666	27.744066497301333
-28.49635352895359	-51.99270705790718
-98.10992517242015	-191.2198503448403
-49.290346555015404	-93.58069311003081
-49.15466196989264	-93.30932393978529
-65.86289479319478	-126.72578958638957
-31.00400806456176	-57.00801612912352
-59.47018973045524	-113.94037946091048
-87.4196919638318	-169.8393839276636
-80.40792082274828	-155.81584164549656
-0.6544995371769744	3.691000925646051
-86.06788191751092	-167.13576383502183
87.03071267029767	179.06142534059535
-58.78047296588327	-112.56094593176654
-7.157530008190676	-9.315060016381352
-17.066348578672617	-29.132697157345234
-41.732456313403546	-78.46491262680709
-35.294297035991164	-65.58859407198233
-57.68048331677205	-110.3609666335441
-43.946342445960255	-82.89268489192051
-76.57899286068208	-148.15798572136416
37.85037495550881	80.70074991101762
28.90523787489147	62.81047574978294
-37.69411933140307	-70.38823866280615
76.05979123149936	157.11958246299872
-22.72485498108783	-40.44970996217566
22.217860063773713	49.43572012754743
4.633865235039039	14.267730470078078
-34.988639277974016	-64.97727855594803
85.95808461303253	176.91616922606505
69.64028179926075	144.2805635985215
68.2245896039816	141.4491792079632
90.85772731126553	186.71545462253107
-99.5035147463807	-194.0070294927614
-1.5761799538746004	1.8476400922507992
87.58262381292076	180.16524762584152
-73.1146480353722	-141.2292960707444
-51.00117231716605	-97.0023446343321
1.0123841154282047	7.0247682308564094
35.684301964376516	76.36860392875303
-33.448008476610156	-61.89601695322031
-38.72706568199855	-72.4541313639971
55.1595822443098	115.3191644886196
-93.42921235431048	-181.85842470862096
57.15957250434579	119.31914500869158
-14.29194370795814	-23.58388741591628
25.801891433712072	56.603782867424144
41.100604981359936	87.20120996271987
-80.30627411571646	-155.61254823143292
80.76923297497731	166.53846594995463
64.46249372354919	133.92498744709837
-24.923712549250027	-44.847425098500054
-61.04113430082816	-117.08226860165632
-87.43891238883212	-169.87782477766424
-38.27821477195705	-71.5564295439141
42.6383921204112	90.2767842408224
62.636343235978586	130.27268647195717
-34.68233975655211	-64.36467951310422
-55.9420226784358	-106.8840453568716
-34.52116327069183	-64.04232654138366
92.8733672611497	190.7467345222994
-80.78185996459382	-156.56371992918764
-67.5633104712122	-130.1266209424244
38.8478237905521	82.6956475811042
-72.04730019044688	-139.09460038089375
-46.674821474041075	-88.34964294808215
60.635174491615345	126.27034898323069
-39.87764322832674	-74.75528645665348
19.403309774250957	43.806619548501914
14.562457553071354	34.12491510614271
-46.91130568426618	-88.82261136853236
-50.253142221473944	-95.50628444294789
-42.064901867596745	-79.12980373519349
75.18801448480625	155.3760289696125
-96.24837064584703	-187.49674129169406
-81.67271757753943	-158.34543515507886
-31.758008169149576	-58.51601633829915
-55.93966897606981	-106.87933795213962
12.571479783144042	30.142959566288084
7.892218914865339	20.784437829730678
-0.9275994391348519	3.1448011217302962
-39.849385999329165	-74.69877199865833
2.289745067640638	9.579490135281276
57.24570335031069	119.49140670062138
62.501116298442696	130.0022325968854
6.568177499169309	18.136354998338618
61.2670428821034	127.5340857642068
-93.14490407807097	-181.28980815614193
-69.18677582009802	-133.37355164019604
49.63700553373519	104.27401106747038
-23.02602055554341	-41.05204111108682
-36.42030196093127	-67.84060392186254
14.401762593397166	33.80352518679433
-25.51589697272418	-46.03179394544836
81.90598199829242	168.81196399658484
-22.605754995406357	-40.211509990812715
67.24983908345493	139.49967816690986
20.35274401884422	45.70548803768844
82.40375548845981	169.80751097691962
-3.1892851290649844	-1.3785702581299688
91.70281331913674	188.40562663827347
15.341932090590248	35.683864181180496
-94.45114040278249	-183.90228080556497
47.77416984353425	100.5483396870685
72.28015931646615	149.5603186329323
-80.28999811930984	-155.57999623861969
92.68860816891458	190.37721633782917
12.685207220327442	30.370414440654883
48.140382187543736	101.28076437508747
-55.19973639745957	-105.39947279491913
88.23649913749429	181.47299827498858
28.6656918591745	62.331383718349
8.663727586601212	22.327455173202424
92.27803943513462	189.55607887026923
11.393746533331694	27.787493066663387
6.333678389107078	17.667356778214156
-91.04660758939502	-177.09321517879005
9.277793992858236	23.55558798571647
48.87217786568846	102.74435573137691
-26.319353993597545	-47.63870798719509
35.86520271624417	76.73040543248834
12.82156237679321	30.64312475358642
-58.404996723394476	-111.80999344678895
9.362784624315097	23.725569248630194
-4.8022518241490815	-4.604503648298163
-32.456075858768614	-59.91215171753723
32.52704012697626	70.05408025395252
-87.76924628133386	-170.53849256266773
-25.445714876154568	-45.891429752309136
-13.178130622906806	-21.356261245813613
94.7735242914348	194.5470485828696
39.63987091407063	84.27974182814125
25.15772402588874	55.31544805177748
-68.81109750779713	-132.62219501559426
-12.981514721867	-20.963029443734
-25.752980221124716	-46.50596044224943
88.07951003692267	181.15902007384534
-9.43647376358463	-13.87294752716926
71.01999738448944	147.0399947689789
30.72237028260122	66.44474056520244
75.85739108343088	156.71478216686177
-99.33291104018456	-193.6658220803691
84.95764725534357	174.91529451068715
90.25875085596192	185.51750171192384
-69.01289666132959	-133.02579332265918
-86.85786478820366	-168.7157295764073
-36.54332850179054	-68.08665700358108
17.11108997551571	39.22217995103142
4.8262690089767375	14.652538017953475
-12.975476250965585	-20.95095250193117
82.53543050284193	170.07086100568387
13.995330398510049	32.9906607970201
86.82734973885627	178.65469947771254
15.230870811213777	35.46174162242755
-62.96396117009346	-120.92792234018692
96.41574177733762	197.83148355467523
99.70065208222076	204.4013041644415
-10.706378333289692	-16.412756666579384
52.486111660544026	109.97222332108805
27.31268363691632	59.62536727383264
-62.95120501738036	-120.90241003476072
15.840392013647218	36.680784027294436
30.848386926216733	66.69677385243347
18.748074039123196	42.49614807824639
8.2953277987001	21.5906555974002
18.375813707156723	41.75162741431345
41.79823445871557	88.59646891743114
54.19559473226224	113.39118946452447
-82.18996074044912	-159.37992148089825
82.69909808265595	170.3981961653119
-10.0749989884509	-15.149997976901801
39.32422316223892	83.64844632447785
-22.47219016665612	-39.94438033331224
-89.78857024904796	-174.57714049809593
32.728251523850304	70.45650304770061
-26.86788717022688	-48.73577434045376
10.55599202628892	26.11198405257784
-46.68203188854443	-88.36406377708886
-59.224783865618804	-113.44956773123761
-40.759009237493984	-76.51801847498797
68.37352651839993	141.74705303679985
84.80303833479047	174.60607666958094
95.71671752006063	196.43343504012125
-17.133810526755468	-29.267621053510936
54.63731388604219	114.27462777208439
-66.38937588190292	-127.77875176380584
48.851178231275725	102.70235646255145
-15.158736306771885	-25.31747261354377
68.81841783377536	142.6368356675507
-60.59594818805443	-116.19189637610886
63.783108278457746	132.5662165569155
-85.53493537729769	-166.06987075459537
69.2215423504341	143.4430847008682
-15.270212712341348	-25.540425424682695
-71.85172891659661	-138.70345783319323
-38.81656982064923	-72.63313964129846
41.872386696764806	88.74477339352961
-10.743006509237631	-16.486013018475262
-53.34712823548973	-101.69425647097945
-52.24690097670668	-99.49380195341335
38.63465060059542	82.26930120119084
29.553895578868406	64.10779115773681
-87.21498078400106	-169.4299615680021
62.50353988445357	130.00707976890715
-71.96316336652254	-138.92632673304507
-51.887151117687466	-98.77430223537493
-97.2192349630632	-189.4384699261264
1.2509670678667533	7.5019341357335065
70.18640976576106	145.3728195315221
85.94741682781333	176.89483365562666
-7.338045111367421	-9.676090222734842
-79.45014490258104	-153.9002898051621
-5.13897684905011	-5.2779536981002195
-41.90834578738665	-78.8166915747733
-38.120543892352465	-71.24108778470493
-51.408181979213616	-97.81636395842723
90.73830978264706	186.47661956529413
-20.51793414511411	-36.03586829022822
-99.28531330698618	-193.57062661397237
-0.9475675082245374	3.104864983550925
40.039549429550334	85.07909885910067
63.054063246973925	131.10812649394785
50.677365868416615	106.35473173683323
40.4324531899517	85.8649063799034
-60.38087437011323	-115.76174874022647
-29.978924514780886	-54.95784902956177
-8.105587461744278	-11.211174923488556
-72.60753030264868	-140.21506060529737
-14.5245061164091	-24.0490122328182
-79.70236869078573	-154.40473738157146
-82.54887695877942	-160.09775391755883
67.23714553958726	139.47429107917452
-66.21048831641218	-127.42097663282436
-5.426317581954905	-5.8526351639098095
24.982479632185047	54.964959264370094
87.79377679409413	180.58755358818826
-38.735354899528	-72.470709799056
-63.77571033688394	-122.55142067376788
75.08426864524935	155.1685372904987
-39.28284045018826	-73.56568090037652
-44.46938548250201	-83.93877096500403
-69.97442072802072	-134.94884145604144
-11.063635551548074	-17.12727110309615
-53.70505482072978	-102.41010964145956
-28.22768065101367	-51.45536130202734
-33.27068464496159	-61.54136928992318
24.977513956563953	54.95502791312791
-10.85956058264101	-16.71912116528202
35.5886886958117	76.1773773916234
-39.8286261978476	-74.6572523956952
-35.52364078667591	-66.04728157335182
99.65590603435368	204.31181206870735
-52.345218436157516	-99.69043687231503
52.57229575870059	110.14459151740118
39.917336610672635	84.83467322134527
29.568130230622444	64.13626046124489
-75.68768014966246	-146.3753602993249
-98.88553654670685	-192.7710730934137
49.11065166629044	103.22130333258087
-83.39430022152656	-161.78860044305313
-51.45617593128424	-97.91235186256849
97.8455263524549	200.6910527049098
93.2228350772125	191.445670154425
84.26494996361865	173.5298999272373
16.652895886911764	38.30579177382353
-8.753592659018011	-12.507185318036022
-7.532479597656334	-10.064959195312667
-32.05217035002525	-59.1043407000505
93.4706604330112	191.9413208660224
63.19590971449742	131.39181942899484
98.38504748220245	201.7700949644049
-39.82365732340219	-74.64731464680438
15.970145071296528	36.94029014259306
36.4135722311602	77.8271444623204
-23.274169091361713	-41.54833818272343
16.835600024793337	38.67120004958667
-60.69655633884572	-116.39311267769143
-37.22635917948507	-69.45271835897015
-73.01063358352893	-141.02126716705786
28.55574185439869	62.11148370879738
-33.171404037768596	-61.34280807553719
-15.032752866114564	-25.065505732229127
-23.88674420884169	-42.77348841768338
-89.45003378721464	-173.90006757442927
79.17077015728245	163.3415403145649
45.49493469199135	95.9898693839827
-35.19336089245219	-65.38672178490438
79.73986388570756	164.47972777141513
35.124644382596614	75.24928876519323
98.33422544985092	201.66845089970184
-7.357407632275013	-9.714815264550026
-78.07842511055696	-151.15685022111393
-75.68029799330793	-146.36059598661586
49.294321424737745	103.58864284947549
15.749540894104967	36.499081788209935
-56.63810211180862	-108.27620422361724
9.519179699443711	24.038359398887422
5.960775744413979	16.92155148882796
71.55526671415751	148.11053342831502
-89.38475113745136	-173.76950227490272
-77.38972928210279	-149.77945856420558
-11.479780817395053	-17.959561634790106
-72.11658134876784	-139.23316269753568
97.74848877541956	200.49697755083912
-60.349485049514804	-115.69897009902961
23.926597890784237	52.85319578156847
-11.268603198828558	-17.537206397657116
56.33487142052863	117.66974284105726
-89.47408629963967	-173.94817259927933
-35.12098719664398	-65.24197439328796
-6.045476784979684	-7.0909535699593675
-77.2732150609037	-149.5464301218074
28.235461886068435	61.47092377213687
6.842931335596035	18.68586267119207
65.36172206992123	135.72344413984246
-11.54298890421397	-18.08597780842794
-40.99583938158546	-76.99167876317092
-36.82157106301827	-68.64314212603654
-52.86999397635617	-100.73998795271234
86.59705415598208	178.19410831196416
59.74252476057413	124.48504952114826
-31.308344439165595	-57.61668887833119
-10.033224962498323	-15.066449924996647
-79.77800032466999	-154.55600064933998
17.87592889270684	40.75185778541368
45.781295026196176	96.56259005239235
-54.40944101013534	-103.81888202027068
-11.596932969922364	-18.193865939844727
34.96952020908114	74.93904041816228
-11.471297214393928	-17.942594428787856
10.109088162963943	25.218176325927885
-61.0301487018903	-117.0602974037806
58.999636205968756	122.99927241193751
-78.07746671448695	-151.1549334289739
-5.857056364835216	-6.714112729670433
-41.776776310708776	-78.55355262141755
-78.92202717123132	-152.84405434246264
71.10859597943102	147.21719195886203
-59.960731241565334	-114.92146248313067
-6.146443419550778	-7.2928868391015556
22.551785366632032	50.103570733264064
-46.07755879686175	-87.1551175937235
-4.067272427441154	-3.134544854882307
6.093770885808354	17.187541771616708
-11.036625672229732	-17.073251344459464
-27.368269284062393	-49.736538568124786
-48.79571671055185	-92.5914334211037
81.23467563067331	167.46935126134662
1.8960204515967547	8.79204090319351
40.26838843740046	85.53677687480092
6.802917109004497	18.605834218008994
-42.787543682323715	-80.57508736464743
-4.271054418638201	-3.542108837276402
64.64277812819782	134.28555625639564
75.19858700661374	155.39717401322747
88.15908231250319	181.31816462500637
-56.8167614380817	-108.6335228761634
-30.956893527164993	-56.91378705432999
-76.2104117778014	-147.4208235556028
97.65104834481201	200.30209668962402
26.202282998381406	57.40456599676281
40.97497144111003	86.94994288222006
-13.852408947648613	-22.704817895297225
-51.28985233997305	-97.5797046799461
-22.55417629895007	-40.10835259790014
-42.262329667195544	-79.52465933439109
6.480802817826131	17.961605635652262
63.24418415867632	131.48836831735264
66.35671659288616	137.71343318577232
-42.755958329887854	-80.51191665977571
-64.48358520835939	-123.96717041671877
44.625178038277795	94.25035607655559
-16.594695727166837	-28.189391454333673
-63.6096844539165	-122.219368907833
20.86938745916855	46.7387749183371
-77.49290633845169	-149.98581267690338
-80.89647889067462	-156.79295778134923
-97.5897604078288	-190.1795208156576
-58.5826696612975	-112.165339322595
-4.198349140334457	-3.3966982806689145
-67.53807999655942	-130.07615999311884
-86.26248897932287	-167.52497795864574
-1.4977031535885743	2.0045936928228514
80.62909026923509	166.25818053847019
-97.69982106009118	-190.39964212018236
-54.38436138901093	-103.76872277802185
80.26402244129906	165.52804488259812
26.84775516878358	58.69551033756716
66.09461023827697	137.18922047655394
81.86189370924927	168.72378741849855
-56.250639040448604	-107.50127808089721
47.90692504796269	100.81385009592537
-47.79671415928512	-90.59342831857025
87.68620527203063	180.37241054406127
91.42990413392275	187.8598082678455
-67.95752033502856	-130.91504067005712
62.45081660809399	129.90163321618797
-90.57406455419292	-176.14812910838583
19.880015581031856	44.76003116206371
-3.6142213517886432	-2.2284427035772865
19.91584234252406	44.83168468504812
51.983718649681066	108.96743729936213
74.00515537415944	153.0103107483189
0.6042821888985657	6.208564377797131
-85.2678005748156	-165.5356011496312
82.75279727140133	170.50559454280267
-87.84363429909097	-170.68726859818193
58.89425529907933	122.78851059815867
-75.75224126122102	-146.50448252244203
80.52638407579713	166.05276815159425
26.88758933546174	58.77517867092348
-37.96501023999692	-70.93002047999384
73.02889777561288	151.05779555122575
-63.92188487494506	-122.84376974989011
-56.886352576526214	-108.77270515305243
-34.82183004959312	-64.64366009918623
-17.232989749557632	-29.465979499115264
-56.265647719388355	-107.53129543877671
83.94207750156718	172.88415500313437
-11.917549787726102	-18.835099575452205
90.36518960606585	185.7303792121317
-49.349812051089174	-93.69962410217835
-6.289466785057925	-7.578933570115851
60.320356176828824	125.64071235365765
97.86703691330143	200.73407382660287
-10.051572005512142	-15.103144011024284
-5.998082167713264	-6.996164335426528
88.13379157294315	181.2675831458863
-13.559402944014593	-22.118805888029186
-11.911042609688536	-18.822085219377072
90.62966335520522	186.25932671041045
-0.6224004762678277	3.7551990474643446
-74.75347035452631	-144.50694070905263
88.29129737263	181.58259474526
0.2951582560102537	5.590316512020507
-27.85874128189252	-50.71748256378504
80.13959137493151	165.27918274986303
-96.57184756433819	-188.14369512867637
89.52499353877909	184.04998707755817
-82.49871103013078	-159.99742206026156
-84.90005784752918	-164.80011569505837
88.45185852829002	181.90371705658004
-4.406797785533186	-3.8135955710663723
-64.05885812617997	-123.11771625235994
96.45293288042706	197.9058657608541
-32.95678149895984	-60.91356299791968
88.26786918939013	181.53573837878025
-8.101760653723943	-11.203521307447886
-26.41333720273495	-47.8266744054699
14.667151807556024	34.33430361511205
82.10437824085167	169.20875648170335
96.0172366347065	197.034473269413
39.145389539457796	83.29077907891559
-26.338847176126265	-47.67769435225253
72.71883613260454	150.43767226520907
84.86388722024586	174.72777444049171
8.584581668768209	22.169163337536418
42.310160963106	89.620321926212
74.2997805859155	153.599561171831
36.896266030508116	78.79253206101623
30.0864660060449	65.1729320120898
-23.85656567783687	-42.71313135567374
20.081909899034002	45.163819798068005
-51.363546113283306	-97.72709222656661
-76.02387059534728	-147.04774119069455
-48.29351104135746	-91.58702208271492
-10.752554960026515	-16.50510992005303
-31.087199691714744	-57.17439938342949
40.39546812713587	85.79093625427174
-23.494440032779522	-41.988880065559044
0.9723210176705521	6.944642035341104
-41.82884418913009	-78.65768837826018
-82.19476159029762	-159.38952318059523
43.35908037193522	91.71816074387044
-55.17791437622297	-105.35582875244594
-6.911717094527205	-8.82343418905441
18.791212847493938	42.582425694987876
34.524478375732656	74.04895675146531
-17.051383161241944	-29.102766322483888
-44.17998427122218	-83.35996854244436
78.5556398791621	162.1112797583242
28.85486288151145	62.7097257630229
-50.39437351616331	-95.78874703232663
53.618746754595634	112.23749350919127
7.361805008201756	19.723610016403512
-16.046207971211885	-27.09241594242377
-80.52182014801119	-156.04364029602237
-55.56770455610931	-106.13540911221862
-78.91510834566941	-152.83021669133882
39.44587899692036	83.89175799384071
49.526167512884626	104.05233502576925
-12.85065080130596	-20.70130160261192
-89.14110214297746	-173.28220428595492
-66.01269307618148	-127.02538615236296
88.98115834968118	182.96231669936236
78.38311554689292	161.76623109378585
-20.347979485518124	-35.69595897103625
-71.71285918395228	-138.42571836790455
-11.305492529349067	-17.610985058698134
-13.295404172221964	-21.59080834444393
-96.09225136571176	-187.18450273142352
43.798324835369954	92.59664967073991
31.48759475229471	67.97518950458942
17.31689709840785	39.6337941968157
61.388538580515586	127.77707716103117
64.16352985616834	133.32705971233668
-57.170619535982084	-109.34123907196417
-85.94846529934104	-166.89693059868208
-26.244831647842616	-47.48966329568523
76.25893848970449	157.51787697940898
55.104246348378325	115.20849269675665
-48.92613951878608	-92.85227903757216
46.69039458620276	98.38078917240551
13.33269437947888	31.66538875895776
-44.70107438102608	-84.40214876205216
44.12946470832807	93.25892941665614
-43.29066726830637	-81.58133453661274
-31.686069336151036	-58.37213867230207
-59.51511130300018	-114.03022260600036
11.572201763264772	28.144403526529544
-10.331271902212464	-15.662543804424928
26.46218396679268	57.92436793358536
-97.89756254110216	-190.79512508220432
-18.853146696214253	-32.706293392428506
-92.48971553776232	-179.97943107552464
-38.98939440713001	-72.97878881426001
-82.74671227617534	-160.4934245523507
9.107896005479745	23.21579201095949
84.08931212030888	173.17862424061775
70.87093706838698	146.74187413677396
-1.7487345374616439	1.5025309250767123
-31.162986680054217	-57.325973360108435
-99.55819201063196	-194.1163840212639
28.922069621661365	62.84413924332273
-35.59446562604356	-66.18893125208712
-21.799607551511954	-38.59921510302391
24.437049249152622	53.874098498305244
-63.099147086161935	-121.19829417232387
12.226339432830585	29.45267886566117
-10.05221113816188	-15.10442227632376
-24.690652999338127	-44.381305998676254
67.55476271009042	140.10952542018083
46.219076363818914	97.43815272763783
-68.37210083650083	-131.74420167300167
82.325616850643	169.651233701286
-99.61521150675303	-194.23042301350605
-51.3635047054543	-97.7270094109086
-72.58586128863283	-140.17172257726565
-31.72538172468296	-58.45076344936592
-70.40216958808054	-135.80433917616108
-43.76530750026115	-82.5306150005223
-19.90915878824751	-34.81831757649502
-5.3228086903337015	-5.645617380667403
-46.030236234164114	-87.06047246832823
-86.40436779461791	-167.80873558923582
8.11179265074513	21.22358530149026
26.67692713685659	58.35385427371318
31.18945334843474	67.37890669686948
-94.264249523318	-183.528499046636
-78.82746981689948	-152.65493963379896
33.65270093165435	72.3054018633087
-79.48599199775113	-153.97198399550226
-86.68186774342743	-168.36373548685486
-9.66266076928433	-14.325321538568659
-27.051705145916216	-49.10341029183243
34.66858323267758	74.33716646535515
-91.93773190352911	-178.87546380705822
-54.93764392272607	-104.87528784545214
-42.96293590191718	-80.92587180383435
-34.94637753987672	-64.89275507975344
-98.41321253278876	-191.82642506557752
10.176572537012603	25.353145074025207
-97.39960844822559	-189.79921689645118
-39.88731229131395	-74.7746245826279
81.9652192093532	168.9304384187064
-68.36095197237512	-131.72190394475024
27.672387514713236	60.34477502942647
-8.692017307118036	-12.384034614236072
84.98721177821625	174.9744235564325
-11.861075139143722	-18.722150278287444
-59.469898839256864	-113.93979767851373
99.1314074609665	203.262814921933
44.78869137996736	94.57738275993472
-74.06597039413671	-143.13194078827343
5.641306536625095	16.28261307325019
-38.74915740277418	-72.49831480554836
76.38216263917676	157.7643252783535
-67.80910607754835	-130.6182121550967
28.778720151197376	62.55744030239475
91.51633643064721	188.03267286129443
81.76575456114995	168.5315091222999
80.09831505974293	165.19663011948586
32.71777232366648	70.43554464733296
-39.390754381189886	-73.78150876237977
-85.01936219442298	-165.03872438884596
-65.62873160991089	-126.25746321982177
78.71869858571455	162.4373971714291
41.58187745750746	88.16375491501492
-79.1282217542452	-153.2564435084904
94.4066955452889	193.8133910905778
1.9784933583875386	8.956986716775077
-65.63900099462225	-126.2780019892445
-4.07915315443752	-3.1583063088750407
-20.16355653849415	-35.3271130769883
-57.22400810911217	-109.44801621822434
26.587396288715752	58.174792577431504
5.2187734322943555	15.437546864588711
-45.176502359130936	-85.35300471826187
60.55445168298141	126.10890336596282
7.761809689258811	20.523619378517623
-32.1128914145247	-59.22578282904939
-68.4373426663934	-131.8746853327868
-0.10851343066870811	4.782973138662584
-69.20732192109452	-133.41464384218904
83.11502613462045	171.2300522692409
-1.015757819061065	2.96848436187787
82.54616205483882	170.09232410967763
-36.02481240444402	-67.04962480888804
-7.949002676864751	-10.898005353729502
4.27310660370668	13.54621320741336
79.66879294196312	164.33758588392624
-74.6103087344046	-144.2206174688092
-20.275096823015446	-35.55019364603089
-83.12597641920462	-161.25195283840924
82.86743253586081	170.73486507172163
63.31117429293528	131.62234858587055
-19.88742225315964	-34.77484450631928
33.767947073074964	72.53589414614993
8.60774817204657	22.21549634409314
22.356866979965176	49.71373395993035
70.43667525829235	145.8733505165847
97.29572415811711	199.59144831623422
-83.82204230949242	-162.64408461898483
13.577991722363564	32.15598344472713
80.6509943009554	166.3019886019108
-20.6959077202566	-36.3918154405132
-49.07469795388166	-93.14939590776332
-73.76366067437854	-142.52732134875708
25.044094387523998	55.088188775047996
-57.79585810682391	-110.59171621364781
-24.332664639828664	-43.66532927965733
-19.750244053494242	-34.500488106988485
24.88946607269969	54.77893214539938
91.05302512262702	187.10605024525404
97.71447235805942	200.42894471611885
-40.21317660750705	-75.4263532150141
-47.09688077267935	-89.1937615453587
44.051589966240556	93.10317993248111
37.91989856321621	80.83979712643242
-45.72881219757588	-86.45762439515175
89.19542890778885	183.3908578155777
60.27503788095464	125.55007576190928
-60.27478714010665	-115.5495742802133
-0.6898248627987584	3.620350274402483
-81.54088638472425	-158.0817727694485
4.990075581028904	14.980151162057808
13.882288636067415	32.76457727213483
-63.73289623620337	-122.46579247240675
-85.08441818389163	-165.16883636778326
-63.98401508256877	-122.96803016513753
-2.439016778093446	0.12196644381310762
-88.8133118544469	-172.6266237088938
-65.19273404549037	-125.38546809098074
-61.17800779624298	-117.35601559248596
-14.179230039266216	-23.35846007853243
7.2431083967871075	19.486216793574215
-26.496758328482017	-47.99351665696403
29.078782182598218	63.157564365196436
86.41012010465846	177.82024020931692
-53.415459087866935	-101.83091817573387
98.00405648833973	201.00811297667946
-33.26564607083216	-61.53129214166432
19.70093435655258	44.40186871310516
-28.21597326958147	-51.43194653916294
36.07829676079166	77.15659352158332
70.63996241234796	146.2799248246959
58.56850562068266	122.13701124136531