X	Class
-17.488980682095274	-29.97796136419055
3.248584712289926	11.497169424579852
89.28481901187453	183.56963802374906
26.11840863279366	57.23681726558732
-69.70219916335809	-134.40439832671618
-8.161228246635105	-11.32245649327021
-87.56965348104728	-170.13930696209457
-91.56865488816683	-178.13730977633367
8.027665585391276	21.05533117078255
-4.7030206554265135	-4.406041310853027
-1.8344140981023855	1.331171803795229
-78.38154109579536	-151.7630821915907
33.56625148894108	72.13250297788215
-63.68019406723688	-122.36038813447377
-38.77059429604914	-72.54118859209828
-21.68813539753907	-38.37627079507814
-42.94508413631406	-80.89016827262812
-21.68949375153528	-38.37898750307056
75.6408066310814	156.2816132621628
-6.577659401369246	-8.155318802738492
79.93187624188252	164.86375248376504
4.073872376512938	13.147744753025876
-19.77055860435371	-34.54111720870742
85.59695351003487	176.19390702006973
-90.27610351490458	-175.55220702980915
-5.8632265433825665	-6.726453086765133
66.47741121777182	137.95482243554363
-18.789744405564065	-32.57948881112813
-43.60344943605077	-82.20689887210153
70.49568768047601	145.99137536095202
99.02489863406316	203.04979726812633
17.126984233608127	39.253968467216254
64.02117880649195	133.0423576129839
78.64908842343178	162.29817684686356
3.4988522572060106	11.997704514412021
48.90655317878114	102.81310635756228
29.912391667706572	64.82478333541314
-68.24226380373912	-131.48452760747824
32.48673373454943	69.97346746909886
53.859573580315384	112.71914716063077
-25.326701041479964	-45.65340208295993
-91.92971667610892	-178.85943335221785
12.289345685081258	29.578691370162517
52.085111360424975	109.17022272084995
63.0607657806552	131.1215315613104
30.60030153741883	66.20060307483766
37.15513868045093	79.31027736090186
-70.04559931995323	-135.09119863990645
-96.35039086439043	-187.70078172878087
58.61488723260726	122.22977446521452
-6.099106089960429	-7.1982121799208585
-29.478249819828534	-53.95649963965707
20.588896844246804	46.17779368849361
42.10034056468933	89.20068112937867
-94.54705103212413	-184.09410206424826
91.79220408246894	188.58440816493788
-4.167627488649657	-3.3352549772993143
92.96095858278903	190.92191716557807
-15.789039177507291	-26.578078355014583
42.44843829029924	89.89687658059847
82.8866678716166	170.7733357432332
-52.11252130115622	-99.22504260231244
72.3443490458591	149.6886980917182
-90.63245598755323	-176.26491197510646
21.915216396592527	48.830432793185054
31.36140711841807	67.72281423683614
91.91023609859118	188.82047219718237
-98.58574037985102	-192.17148075970204
28.95199712827548	62.90399425655096
68.88587973865904	142.77175947731808
-68.02337016003833	-131.04674032007665
-15.40567489683373	-25.81134979366746
-29.459069738985335	-53.91813947797067
-41.020651598530456	-77.04130319706091
-75.5597719778088	-146.1195439556176
-20.549738199900133	-36.09947639980027
-81.7457078347974	-158.4914156695948
-42.53699871367513	-80.07399742735026
89.58338962377863	184.16677924755726
59.03294847300944	123.06589694601888
96.47877393108715	197.9575478621743
61.361878691932304	127.72375738386461
-1.9667473118240082	1.0665053763519836
-60.582206351135625	-116.16441270227125
-68.14839026539195	-131.2967805307839
36.85303187576068	78.70606375152136
-38.96804680745463	-72.93609361490925
-83.10314270661192	-161.20628541322384
46.88383519897218	98.76767039794436
49.38187829383304	103.76375658766608
-34.32139754857366	-63.642795097147314
62.51097256619454	130.02194513238908
-25.20824008488789	-45.41648016977578
64.00495346537505	133.0099069307501
-36.059730947351376	-67.11946189470275
-28.531456890162204	-52.06291378032441
-59.28020939678189	-113.56041879356378
9.930961766942119	24.861923533884237
30.041736736328602	65.0834734726572
94.16197063105292	193.32394126210585
-7.663920581027895	-10.32784116205579
14.693544037510904	34.38708807502181
98.524396381634	202.048792763268
2.6577517604548575	10.315503520909715
43.94439132076192	92.88878264152385
-58.35995647578767	-111.71991295157534
7.297745113592498	19.595490227184996
58.358945068876835	121.71789013775367
9.618656352485914	24.237312704971828
-31.82923112359468	-58.65846224718936
-25.39934377287929	-45.79868754575858
8.135752560129575	21.27150512025915
-54.34929823746688	-103.69859647493377
-73.96892970659412	-142.93785941318825
65.0007074961184	135.0014149922368
82.0994483966661	169.1988967933322
30.512256674975305	66.02451334995061
-83.10731889584596	-161.21463779169193
32.07409083667392	69.14818167334784
26.48589352401251	57.97178704802502
-88.45353515351482	-171.90707030702964
-44.62708231696302	-84.25416463392604
-37.161310587995274	-69.32262117599055
-75.60417237307192	-146.20834474614384
34.45817592784408	73.91635185568816
-45.924819347901376	-86.84963869580275
-60.04510419905025	-115.0902083981005
-70.83962339557273	-136.67924679114546
-64.18904472639655	-123.37808945279309
-49.388658288198364	-93.77731657639673
37.45663354403109	79.91326708806218
96.09110925108152	197.18221850216304
20.912567197270064	46.82513439454013
18.13415651620076	41.26831303240152
-93.59245351645778	-182.18490703291556
33.109125662221885	71.21825132444377
8.935517748182747	22.871035496365494
-12.435879032347046	-19.87175806469409
15.608263139255854	36.21652627851171
77.06593310910179	159.13186621820358
-38.713409674107794	-72.42681934821559
63.126118467007615	131.25223693401523
-10.216291397092078	-15.432582794184157
-24.36968033287124	-43.73936066574248
60.65859592117022	126.31719184234043
88.31008531212379	181.62017062424758
53.07346340254861	111.14692680509722
-71.68024521558196	-138.36049043116392
-32.44097044351068	-59.88194088702136
35.10463905097308	75.20927810194615
-9.44125612814355	-13.8825122562871
-47.92404581224066	-90.84809162448131
18.46330056643646	41.92660113287292
22.523125905806722	50.046251811613445
25.33740792242962	55.67481584485924
-19.623046802537687	-34.24609360507537
-51.32628009463333	-97.65256018926667
53.02040725062915	111.0408145012583
-56.77093275030685	-108.5418655006137
-51.399720673790085	-97.79944134758017
-22.961964190977312	-40.923928381954624
-68.81490409465908	-132.62980818931817
25.063536040972977	55.127072081945954
51.36486679174564	107.72973358349128
28.0558031145805	61.111606229161
-23.362426350977785	-41.72485270195557
24.6018469298173	54.2036938596346
66.59434930598977	138.18869861197953
-34.65466566605977	-64.30933133211954
36.605753542427436	78.21150708485487
28.231111139701113	61.462222279402226
-89.93491643337963	-174.86983286675925
97.76898104819404	200.53796209638807
41.00230088983494	87.00460177966988
-87.93932588478681	-170.87865176957362
93.97423807566679	192.94847615133358
92.1967728248112	189.3935456496224
24.465732532664575	53.93146506532915
-98.27474500748303	-191.54949001496607
-74.50099636390041	-144.00199272780083
35.779506527571186	76.55901305514237
97.60892387698917	200.21784775397833
-72.98168835195926	-140.96337670391853
-7.164472129989846	-9.328944259979693
20.650144084314448	46.300288168628896
-93.07755211157975	-181.1551042231595
14.611420607124145	34.22284121424829
58.12817285333668	121.25634570667336
35.82389310595465	76.6477862119093
58.75393077665282	122.50786155330564
44.677624012033476	94.35524802406695
-11.187258755838542	-17.374517511677084
-3.225363454547292	-1.450726909094584
-10.681806005558897	-16.363612011117795
-96.1828531471983	-187.3657062943966
-46.71084894992783	-88.42169789985566
34.74090440262498	74.48180880524995
17.733869737712	40.467739475424
-9.238097388380353	-13.476194776760707
-53.84306390567719	-102.68612781135438
73.69331211954804	152.38662423909608
97.34105158357954	199.68210316715908
-4.226506131062251	-3.4530122621245027
-14.811887813238698	-24.623775626477396
-11.461715207197145	-17.92343041439429
68.61962836791139	142.23925673582278
-57.02009283406226	-109.04018566812452
-87.98508593788802	-170.97017187577603
-69.20922072910474	-133.4184414582095
21.586646309495165	48.17329261899033
-11.824628231101286	-18.649256462202572
-88.23526322826523	-171.47052645653045
28.6891583228622	62.3783166457244
35.92897689459937	76.85795378919875
77.85901040031814	160.71802080063628
-61.69924129839279	-118.39848259678558
35.435468435669634	75.87093687133927
32.059413631394676	69.11882726278935
68.47268306843867	141.94536613687734
-95.91785412584781	-186.83570825169562
58.69502576310467	122.39005152620933
26.015282261976736	57.03056452395347
43.86216521898817	92.72433043797633
-91.34944147540385	-177.6988829508077
-95.43447105666768	-185.86894211333535
-38.242596407259136	-71.48519281451827
-24.705664110566488	-44.411328221132976
-10.45972106701845	-15.919442134036899
26.675893872821476	58.35178774564295
27.44706682861562	59.89413365723124
-75.6888848701609	-146.3777697403218
61.53281742310429	128.06563484620858
48.010595056911	101.021190113822
-80.00611575580486	-155.0122315116097
8.372777162733144	21.745554325466287
47.47649220474065	99.9529844094813
57.98367619696222	120.96735239392444
97.37404743804802	199.74809487609605
-91.57176362779806	-178.14352725559613
95.47202111730473	195.94404223460947
-14.703683369420133	-24.407366738840267
-25.137424752315724	-45.27484950463145
-35.519619027461985	-66.03923805492397
-50.587177069359	-96.174354138718
50.404000880999064	105.80800176199813
-63.32285681762328	-121.64571363524657
54.977977232167945	114.95595446433589
49.481094057463906	103.96218811492781
26.658340072871425	58.31668014574285
52.15552158349465	109.3110431669893
-78.324418725653	-151.648837451306
89.29444825946604	183.58889651893207
56.82733746069812	118.65467492139624
-24.453470568739164	-43.90694113747833
-33.59107856510386	-62.18215713020771
-77.81004237291609	-150.62008474583217
70.93721407763431	146.87442815526862
-56.029300419754314	-107.05860083950863
-44.508595923913184	-84.01719184782637
-75.72814604795315	-146.4562920959063
13.743805873659952	32.4876117473199
-86.59718424168368	-168.19436848336736
-43.78895961384941	-82.57791922769881
84.45142815265223	173.90285630530445
-56.0562926432151	-107.1125852864302
-62.8612512311757	-120.7225024623514
45.54581798867878	96.09163597735756
71.9840867228047	148.9681734456094
-8.704782999840873	-12.409565999681746
42.22172772803239	89.44345545606478
-43.588161824801965	-82.17632364960393
81.0662041576737	167.1324083153474
-63.92274505289619	-122.84549010579238
-26.546159003651113	-48.092318007302225
68.89982106057332	142.79964212114663
53.34090133956647	111.68180267913294
-36.08055008917208	-67.16110017834416
-54.097171761283505	-103.19434352256701
41.69526731131876	88.39053462263752
61.061227842853896	127.12245568570779
63.53263474803674	132.06526949607348
-51.03266151780432	-97.06532303560864
-35.898775691686	-66.797551383372
34.18708914054443	73.37417828108886
77.6088344720848	160.2176689441696
-74.93014628740006	-144.86029257480013
-91.1768648482787	-177.3537296965574
45.00106985687944	95.00213971375888
94.17476876039461	193.34953752078923
-80.09665991442375	-155.1933198288475
4.328053019121356	13.656106038242712
-32.29551187861546	-59.591023757230914
-79.84450012840225	-154.6890002568045
-12.74883836202416	-20.49767672404832
-87.07011172421046	-169.14022344842093
-64.96056387118567	-124.92112774237134
19.35743756554065	43.7148751310813
52.47903954498389	109.95807908996778
60.9931915982267	126.9863831964534
79.6830574394661	164.3661148789322
-7.7937032510962325	-10.587406502192465
31.615087600387938	68.23017520077588
54.29059721628377	113.58119443256754
98.51241068411849	202.02482136823699
77.80482304599528	160.60964609199056
62.70421751270675	130.4084350254135
-62.091303400725884	-119.18260680145177
-18.920145335107847	-32.840290670215694
-0.9623824981438247	3.0752350037123506
-16.20166814406572	-27.40333628813144
-51.467081756353835	-97.93416351270767
-87.81559130830277	-170.63118261660554
11.858650423536687	28.717300847073375
27.23613256203106	59.47226512406212
61.952792095023625	128.90558419004725
97.14131972907055	199.2826394581411
-78.65087220257212	-152.30174440514423
-46.42318331606599	-87.84636663213197
-62.936209976535	-120.87241995307
37.974152846382765	80.94830569276553
60.17478585973208	125.34957171946417
-24.390545377640137	-43.781090755280275
-59.44705095828036	-113.89410191656071
-17.49098581823823	-29.98197163647646
-50.83760646811639	-96.67521293623278
-90.15375607752335	-175.3075121550467
79.8036528950735	164.607305790147
48.06812222442667	101.13624444885335
33.76055826617801	72.52111653235602
18.37427130061178	41.74854260122356
60.52067599654467	126.04135199308934
-27.51373392670257	-50.02746785340514
72.83749335340264	150.67498670680527
-26.191725776152012	-47.383451552304024
0.0435653416841717	5.087130683368343
-21.558738594604378	-38.117477189208756
-75.00912778957773	-145.01825557915546
-80.59799603907621	-156.19599207815241
-98.15126778508112	-191.30253557016223
52.058672812293025	109.11734562458605
-44.76679921766142	-84.53359843532284
-84.9695607581742	-164.9391215163484
-80.23332080196792	-155.46664160393584
-10.287658587892196	-15.575317175784392
43.53264447461092	92.06528894922184
-5.002859460671132	-5.005718921342265
58.357296030125724	121.71459206025145
58.346085005004255	121.69217001000851
-68.19282921131789	-131.38565842263577
-75.51191542226432	-146.02383084452865
83.18925633608868	171.37851267217735
-40.74897348139564	-76.49794696279127
6.59017648830617	18.18035297661234
-45.34691333125305	-85.6938266625061
69.56992512329992	144.13985024659985
12.386249505879249	29.772499011758498
-93.22996631783201	-181.45993263566402
46.27152775497808	97.54305550995616
-35.51127192974445	-66.0225438594889
53.47008085197527	111.94016170395054
97.6051229245243	200.2102458490486
28.321080689381972	61.642161378763944
22.509969331135338	50.019938662270675
-41.28605218642007	-77.57210437284014
-62.013864423924936	-119.02772884784987
-55.17882097829163	-105.35764195658327
43.0227275108675	91.045455021735
81.27857398735512	167.55714797471023
69.0423673478372	143.0847346956744
59.41280204462632	123.82560408925264
-42.19774702409214	-79.39549404818428
59.17885070998369	123.35770141996738
25.688516812170462	56.377033624340925
56.89055282165015	118.7811056433003
-76.68365320282871	-148.36730640565742
87.78316358681738	180.56632717363476
16.426031701031846	37.85206340206369
37.17544008220548	79.35088016441097
56.78685565710907	118.57371131421814
-61.5318974052786	-118.0637948105572
-42.04251049179582	-79.08502098359163
-53.98018293067952	-102.96036586135904
49.73189097389616	104.46378194779231
89.08303337817341	183.16606675634682
16.08818831885408	37.17637663770816
18.295567953937876	41.59113590787575
37.18740723917438	79.37481447834875
10.307071506667299	25.614143013334598
-56.590928791354855	-108.18185758270971
35.80631884408595	76.6126376881719
-91.42328311061839	-177.84656622123677
-90.9059733015586	-176.8119466031172
68.71517264573475	142.4303452914695
-32.320244572009884	-59.64048914401977
-65.84804205230093	-126.69608410460185
29.772559853334485	64.54511970666897
18.853642773611483	42.707285547222966
23.01516312594758	51.03032625189516
-37.050782443922635	-69.10156488784527
-34.77299441493517	-64.54598882987034
-65.36832593744609	-125.73665187489217
-90.85658047163932	-176.71316094327864
-10.983867115059141	-16.967734230118282
38.27096526595341	81.54193053190681
-56.713696104179064	-108.42739220835813
-7.120296963499257	-9.240593926998514
-1.1163024454676815	2.767395109064637
-80.19537278373012	-155.39074556746024
91.05412833215613	187.10825666431225
50.09101866730961	105.18203733461922
-60.396467161122104	-115.79293432224421
17.0508541395414	39.1017082790828
-66.96010536981132	-128.92021073962263
-51.598621184555384	-98.19724236911077
-33.368892234173714	-61.73778446834743
-36.33104087075769	-67.66208174151538
62.14702555159292	129.29405110318584
50.666458193013284	106.33291638602657
84.05927524079257	173.11855048158515
67.96530703591628	140.93061407183257
14.159806116338004	33.31961223267601
8.2622563826433	21.5245127652866
-57.80721202525561	-110.61442405051122
-75.35636495765836	-145.71272991531671
66.42523166300924	137.85046332601848
79.72902809109692	164.45805618219384
34.188012213475304	73.37602442695061
-46.09850167438483	-87.19700334876966
75.66909104294683	156.33818208589366
-14.333556192399996	-23.667112384799992
36.57470474251883	78.14940948503767
4.0276755023621575	13.055351004724315
89.91794523108462	184.83589046216923
56.45345262750763	117.90690525501526
-21.98966465830705	-38.9793293166141
66.76944391156289	138.53888782312578
42.7842183673736	90.5684367347472
75.66129651056045	156.3225930211209
-57.68392234163362	-110.36784468326724
-81.71379544728563	-158.42759089457127
4.7719791889311125	14.543958377862225
-61.09666050749656	-117.19332101499312
-27.476820171530633	-49.95364034306127
-68.39555028117485	-131.7911005623497
-60.50035133386156	-116.00070266772312
68.80481891100817	142.60963782201634
45.143058765125886	95.28611753025177
24.84750141190726	54.69500282381452
-64.02675916265082	-123.05351832530164
-33.33106958995471	-61.66213917990942
30.273601332882805	65.54720266576561
55.39432368919114	115.78864737838228
-74.97094733018652	-144.94189466037304
-0.43310630865822475	4.1337873826835505
-28.031919403767617	-51.063838807535234
21.289740705136055	47.57948141027211
-98.62698084065751	-192.25396168131502
-70.93918217418235	-136.8783643483647
25.170264389462616	55.34052877892523
-71.71032308967602	-138.42064617935205
79.80975253151101	164.61950506302202
21.619581877342497	48.239163754684995
60.02020228547693	125.04040457095385
-67.14352914151274	-129.2870582830255
21.752479228987283	48.50495845797457
-84.56647583206316	-164.13295166412632
-88.65237492610503	-172.30474985221005
6.338612066998579	17.677224133997157
45.78655454655669	96.57310909311337
36.02680816576418	77.05361633152836
60.208086115958054	125.41617223191611
-80.39862808267145	-155.7972561653429
-80.4201004687535	-155.840200937507
-63.41952765121965	-121.8390553024393
2.3910464851847166	9.782092970369433
23.238227230379536	51.47645446075907
-14.853362213706632	-24.706724427413263
-83.71057944951035	-162.4211588990207
67.35665186137584	139.71330372275168
8.381952210356374	21.76390442071275
54.88183286158758	114.76366572317517
-82.9137423283257	-160.8274846566514
6.035760417154108	17.071520834308217
-67.6221342487583	-130.2442684975166
47.89939401182636	100.79878802365272
-24.61103886096174	-44.22207772192348
10.020721705191391	25.041443410382783
1.1994009477837437	7.3988018955674875
39.54073297284154	84.08146594568308
6.583531885166877	18.167063770333755
-33.509147291125814	-62.01829458225163
81.6222277397045	168.244455479409
-73.52645421405947	-142.05290842811894
63.47966541255116	131.9593308251023
98.73238675967389	202.46477351934777
-24.771278371149634	-44.54255674229927
26.219293594201716	57.43858718840343
86.6380729619778	178.2761459239556
49.25467380879249	103.50934761758498
-82.9636251383159	-160.9272502766318
37.292439161016176	79.58487832203235
-12.485433189175183	-19.970866378350365
-77.25310920124791	-149.50621840249582
65.37723445224319	135.75446890448637
-84.81765721057009	-164.63531442114018
-52.75343037373747	-100.50686074747495
-7.460110255071783	-9.920220510143565
88.83721296846775	182.6744259369355
-67.00705022319269	-129.01410044638538
-6.245719884306624	-7.4914397686132475
-25.420515773701766	-45.84103154740353
-55.07574472285548	-105.15148944571096
-75.84965537382978	-146.69931074765955
-26.281932531302814	-47.56386506260563
-80.983908955623	-156.967817911246
52.4705516766449	109.9411033532898
59.287721878305575	123.57544375661115
-33.66803878846349	-62.33607757692698
68.99066776947984	142.98133553895968
-92.75350905656612	-180.50701811313223
61.36520080338224	127.73040160676447
21.696116358675482	48.392232717350964
58.231163722612166	121.46232744522433
95.36949658267906	195.73899316535812
-76.03852317615147	-147.07704635230294
32.95566700470113	70.91133400940225
-5.274514662865599	-5.549029325731198
-89.1398876628368	-173.2797753256736
-23.290425700172165	-41.58085140034433
-80.34310750618423	-155.68621501236845
-88.22578749742303	-171.45157499484606
-51.472021439365	-97.94404287873
-50.52934229057957	-96.05868458115914
50.33398039049192	105.66796078098383
39.59222845750503	84.18445691501006
-96.91125676524577	-188.82251353049153
80.65542392209483	166.31084784418965
18.673574144786144	42.34714828957229
38.38903145084706	81.77806290169411
33.11050487075616	71.22100974151232
79.13728090855776	163.2745618171155
-88.38412985697768	-171.76825971395536
8.188126942511317	21.376253885022635
-46.34652909974775	-87.6930581994955
-68.94070529683222	-132.88141059366444
88.85209788311082	182.70419576622163
58.299933690078916	121.59986738015783
86.19067700734021	177.38135401468043
22.984367450907257	50.968734901814514
-43.086626242210954	-81.17325248442191
-36.66045165568455	-68.3209033113691
-29.37412859627952	-53.74825719255904
9.621800391515308	24.243600783030615
-65.63055616818167	-126.26111233636334
77.48326297652105	159.9665259530421
48.09545513720715	101.1909102744143
12.34599716581512	29.69199433163024
-98.71951032034609	-192.43902064069218
52.87726765052142	110.75453530104284
-19.723778744460475	-34.44755748892095
-77.37608749268907	-149.75217498537813
-80.50553534718563	-156.01107069437126
-98.88573329904959	-192.77146659809918
-75.04876603826769	-145.09753207653537
44.240112919511034	93.48022583902207
42.55581203738811	90.11162407477622
49.952015846568486	104.90403169313697
-18.972056479698423	-32.94411295939685
51.17787280388501	107.35574560777002
51.69023246053294	108.38046492106588
-4.198613946924539	-3.3972278938490774
-42.63089535680611	-80.26179071361221
-51.404876269551906	-97.80975253910381
89.32342996595983	183.64685993191966
33.86548708014746	72.73097416029492
32.75855385935108	70.51710771870216
28.91840904833282	62.83681809666564
31.026993085446804	67.05398617089361
-0.7644917842061432	3.4710164315877137
-39.8117866470189	-74.6235732940378
44.311514830984464	93.62302966196893
63.50925357061189	132.01850714122378
-46.7752260554614	-88.5504521109228
-96.6694028256376	-188.3388056512752
91.66915110886075	188.3383022177215
0.5496140828209661	6.099228165641932
30.694785561904723	66.38957112380945
19.429916108192046	43.85983221638409
-75.62467283478824	-146.24934566957648
31.569450875984018	68.13890175196804
19.653423982460993	44.306847964921985
-20.998484966454427	-36.996969932908854
-60.13032813098131	-115.26065626196262
-72.69122156754048	-140.38244313508096
-36.80886851952367	-68.61773703904734
27.705777107537926	60.41155421507585
-28.9493238250939	-52.8986476501878
-89.55866320450569	-174.11732640901138
95.58654271729975	196.1730854345995
-77.97011107311121	-150.94022214622242
-79.99847243764371	-154.99694487528743
-58.87939976033194	-112.75879952066389
20.755827360550256	46.51165472110051
8.858353644512434	22.716707289024868
-77.2450603461504	-149.4901206923008
-99.00837457580603	-193.01674915161206
92.26031173017043	189.52062346034086
65.79995997689389	136.59991995378778
-57.26672283758742	-109.53344567517485
61.53074424870235	128.0614884974047
89.7297892437596	184.4595784875192
3.105512431973793	11.211024863947586
56.95675399022616	118.91350798045232
55.9496186013109	116.8992372026218
93.3693233405935	191.738646681187
69.14292231537107	143.28584463074213
5.913671642835851	16.827343285671702
92.25642370994208	189.51284741988417
-72.84031370422494	-140.68062740844988
-52.223350614214816	-99.44670122842963
21.193008087262143	47.386016174524286
63.93679880781994	132.87359761563988
92.06093108972456	189.12186217944912
-40.068624089374126	-75.13724817874825
5.283427380806444	15.566854761612888
40.46168594649103	85.92337189298206
75.52331406338942	156.04662812677884
64.53645487124831	134.07290974249662
82.8271532369915	170.654306473983
-72.98419484166772	-140.96838968333543
-60.55933640411555	-116.1186728082311
37.719778728972216	80.43955745794443
-23.176822091626192	-41.353644183252385
-12.964590300219214	-20.92918060043843
-37.717493428485405	-70.43498685697081
-7.716787246054054	-10.433574492108107
81.1638364451249	167.3276728902498
-62.144629874401126	-119.28925974880225
38.49399569892796	81.98799139785592
-43.96245469956715	-82.9249093991343
89.72005829316615	184.4401165863323
33.111509874761026	71.22301974952205
-87.19948977985597	-169.39897955971193
56.07921538457046	117.15843076914092
6.48523353005659	17.97046706011318
19.065631228622664	43.13126245724533
95.30816642853276	195.61633285706552
56.48715817307405	117.9743163461481
-26.920564358376822	-48.841128716753644
-99.4707566969306	-193.9415133938612
34.56932519077867	74.13865038155734
55.1809096972292	115.3618193944584
14.485294946191502	33.970589892383
26.66898799051691	58.33797598103382
-7.816608232387836	-10.633216464775671
68.52179816377836	142.0435963275567
-93.84381206225434	-182.6876241245087
-8.289210534939897	-11.578421069879795
-74.93325036683262	-144.86650073366525
33.19395445914316	71.38790891828631
33.775287931193674	72.55057586238735
10.125777745363791	25.251555490727583
-95.92588126922425	-186.8517625384485
54.54016388660611	114.08032777321222
-51.44475536544524	-97.88951073089048
28.456846472853044	61.91369294570609
52.67381928976346	110.34763857952692
33.126321353716406	71.25264270743281
88.45717984926645	181.9143596985329
2.0329059374639513	9.065811874927903
2.137887531757741	9.275775063515482
-31.440371520727496	-57.88074304145499
-72.55787092884482	-140.11574185768964
47.848418304411524	100.69683660882305
40.111924878026514	85.22384975605303
51.729223826200126	108.45844765240025
-30.670093366141373	-56.340186732282746
22.2425008544933	49.4850017089866
-4.665497282871314	-4.330994565742628
-2.4052691803749866	0.1894616392500268
-23.84229948259369	-42.68459896518738
-6.0330737498000815	-7.066147499600163
25.585994495661993	56.171988991323985
-17.337152869528765	-29.67430573905753
-63.98525390020613	-122.97050780041226
-21.87633144696673	-38.75266289393346
-89.60335763639667	-174.20671527279333
-68.46622929515998	-131.93245859031995
-80.5701516111115	-156.140303222223
20.508381714576657	46.016763429153315
-28.691318184821228	-52.382636369642455
-58.3264844800484	-111.6529689600968
66.72063691743071	138.44127383486142
48.23314181317389	101.46628362634777
99.3300932912878	203.6601865825756
19.390631192488826	43.78126238497765
-23.91761653397944	-42.83523306795888
-97.55504440468394	-190.11008880936788
-65.20789826315027	-125.41579652630054
-82.84223870085594	-160.6844774017119
37.60237985153768	80.20475970307535
94.92666366395352	194.85332732790704
66.12397374102684	137.2479474820537
91.38941264276954	187.77882528553909
-53.96755005398772	-102.93510010797544
57.76524222543321	120.53048445086642
29.184162707829785	63.36832541565957
80.31200734412204	165.62401468824407
-56.17638549725683	-107.35277099451366
64.03721066419706	133.07442132839412
-82.69834541815757	-160.39669083631514
98.02247689467404	201.04495378934809
32.978908275062935	70.95781655012587
4.308704131433288	13.617408262866576
25.82853873301987	56.65707746603974
19.631283569313325	44.26256713862665
-32.524245564271865	-60.04849112854373
-55.93159661543115	-106.8631932308623
-83.67261882094505	-162.3452376418901
-48.155205878031346	-91.31041175606269
-25.98207825348689	-46.96415650697378
54.821672582100064	114.64334516420013
14.797201277884952	34.5944025557699
12.440348775891465	29.88069755178293
-17.95417231778049	-30.90834463556098
62.258386422331796	129.5167728446636
-73.99360291222536	-142.9872058244507
-54.581783732345926	-104.16356746469185
-9.021347659040032	-13.042695318080064
98.70683511613169	202.41367023226337
38.776642502916815	82.55328500583363
-84.7264111189255	-164.452822237851
16.149062987094865	37.29812597418973
3.47709239466694	11.95418478933388
55.724568790475814	116.44913758095163
-7.947230302393621	-10.894460604787241
-66.33418530040298	-127.66837060080596
-43.560061104876404	-82.12012220975281
-35.32996560834934	-65.65993121669868
-32.420261478718174	-59.84052295743635
-63.81029631880466	-122.62059263760932
-62.874047191801985	-120.74809438360397
-96.23335870245813	-187.46671740491627
74.24028136089322	153.48056272178644
-76.51196963335256	-148.02393926670513
45.34514528968444	95.69029057936888
-58.79887928788607	-112.59775857577215
69.98888035777392	144.97776071554784
-40.79872875603081	-76.59745751206162
-68.55996623255561	-132.11993246511122
-37.773059446890954	-70.54611889378191
97.71088126128399	200.42176252256797
-89.20938783364053	-173.41877566728107
78.88073194914566	162.7614638982913
-95.6932830675973	-186.3865661351946
-16.500008883961968	-28.000017767923936
-68.63642719941339	-132.27285439882678
-22.54856545668831	-40.09713091337662
-95.22283802517654	-185.4456760503531
-84.34460636116965	-163.6892127223393
-34.715078814804116	-64.43015762960823
-91.52212488994991	-178.04424977989981
23.13545248730206	51.27090497460412
79.55084205468182	164.10168410936365
64.56947567055394	134.13895134110788
57.13536240453902	119.27072480907805
-61.78758886946414	-118.57517773892828
-49.08026222744306	-93.16052445488612
78.3102693187891	161.6205386375782
-30.793286729666562	-56.586573459333124
-46.793246127474305	-88.58649225494861
60.994036477816024	126.98807295563205
-20.575952741326205	-36.15190548265241
6.013453351672069	17.02690670334414
78.2682892234593	161.5365784469186
65.00038297405811	135.00076594811622
-60.312569640895795	-115.62513928179159
48.418542489217714	101.83708497843543
59.05206725866117	123.10413451732234
61.8387795701984	128.6775591403968
-51.68587919244396	-98.37175838488793
-7.834614655771048	-10.669229311542097
48.79741880278533	102.59483760557066
65.75459051416979	136.50918102833958
-64.13295026196309	-123.26590052392618
24.123239707343785	53.24647941468757
66.92738739321916	138.85477478643833
-86.9167053147429	-168.8334106294858
69.16798575260887	143.33597150521774
21.267001657078154	47.53400331415631
0.5219364579562153	6.043872915912431
-64.50522937867005	-124.0104587573401
-98.69722688525609	-192.39445377051217
2.244322311233745	9.48864462246749
-68.41155807435243	-131.82311614870486
-39.647943086522176	-74.29588617304435
74.35429296682125	153.7085859336425
-52.7841712390382	-100.5683424780764
-24.09472500168097	-43.18945000336194
-22.076728747380585	-39.15345749476117
42.83514921905228	90.67029843810457
-34.722372799081015	-64.44474559816203
-33.25701127910028	-61.514022558200566
-16.06874760499268	-27.13749520998536
-11.899972339484279	-18.799944678968558
-85.93172047701476	-166.86344095402953
28.562999794883922	62.125999589767844
85.90018738568878	176.80037477137756
97.71780515544742	200.43561031089484
69.91270865861742	144.82541731723484
28.725190466291536	62.45038093258307
-72.72264360262668	-140.44528720525335
-88.63176853370527	-172.26353706741054
58.04581392088846	121.09162784177693
-54.963157947366284	-104.92631589473257
-76.12736535453335	-147.2547307090667
67.70104989320151	140.40209978640303
-33.40125764172697	-61.80251528345394
88.14745799318737	181.29491598637475
-34.805882796463834	-64.61176559292767
79.54924054671255	164.0984810934251
-9.688322834139058	-14.376645668278115
90.06122887201971	185.12245774403942
3.324060591162393	11.648121182324786
-59.22080634227478	-113.44161268454955
85.84673641893016	176.69347283786033
50.575665512130854	106.15133102426171
82.1479041797561	169.2958083595122
-0.33889568013141513	4.32220863973717
-1.64257455218997	1.71485089562006
-54.88967719798854	-104.77935439597708
-84.62074253303267	-164.24148506606534
-79.11832061610768	-153.23664123221536
66.7308363109361	138.4616726218722
-32.04217806397041	-59.08435612794082
19.71923272148868	44.43846544297736
51.10831286470872	107.21662572941744
-18.384640075663228	-31.769280151326456
27.468280416812945	59.93656083362589
61.20238951799038	127.40477903598077
76.17576682115305	157.3515336423061
2.8804046344854015	10.760809268970803
-58.823330161102305	-112.64666032220461
-45.613142385584226	-86.22628477116845
52.08480768163889	109.16961536327779
-32.433747946617686	-59.86749589323537
15.970285836659073	36.940571673318146
-38.069932742502274	-71.13986548500455
-39.06060218846712	-73.12120437693424
68.0015779553884	141.0031559107768
-38.7269458485703	-72.4538916971406
19.65360316548164	44.30720633096328
9.209709027747465	23.41941805549493
98.02919307238537	201.05838614477074
15.025358968935336	35.05071793787067
-10.60288109881671	-16.20576219763342
-86.66393774839092	-168.32787549678184
-15.78727281206136	-26.57454562412272
1.134700658271484	7.269401316542968
9.293675784886332	23.587351569772665
33.57860221908234	72.15720443816468
-88.41614479421173	-171.83228958842346
-21.449146617631953	-37.89829323526391
24.34209619239212	53.68419238478424
85.58423359466798	176.16846718933596
31.892650983498612	68.78530196699722
27.05993183805427	59.11986367610854
-32.3407691806981	-59.68153836139621
-73.61114241734899	-142.22228483469797
79.51221073895556	164.02442147791112
26.425654984887245	57.85130996977449
-57.3182898664788	-109.6365797329576
43.77666349094048	92.55332698188096
-82.69327148954073	-160.38654297908147
-53.83668833312187	-102.67337666624374
-88.34010247358086	-171.6802049471617
32.91325841503678	70.82651683007356
26.702456397751547	58.404912795503094
-87.10769875910587	-169.21539751821174
60.91383570075709	126.82767140151418
76.71259162347025	158.4251832469405
80.06144325599357	165.12288651198713
-19.67137154500665	-34.3427430900133
-22.94013623119359	-40.88027246238718
93.83704990758542	192.67409981517085
-57.86098031057729	-110.72196062115458
89.70841841060823	184.41683682121646
39.51871328010819	84.03742656021637
-78.89694190481302	-152.79388380962604
58.174605176114824	121.34921035222965
4.220632064790067	13.441264129580134
-99.11886663761673	-193.23773327523347
26.54918738837624	58.09837477675248
87.18565253248116	179.3713050649623
-1.679858234143694	1.6402835317126119
-97.3527874245326	-189.7055748490652
-98.4746940852911	-191.9493881705822
-57.852258148156444	-110.70451629631289
0.2991269412995905	5.598253882599181
17.69194248045079	40.38388496090158
-27.146682924785395	-49.29336584957079
-44.6024142632268	-84.2048285264536
60.20151282943391	125.40302565886782
-54.611904669811295	-104.22380933962259
-87.74503064749533	-170.49006129499065
89.52100973849366	184.04201947698732
8.357662335987001	21.715324671974003
-5.589554393575739	-6.179108787151478
28.153484977291384	61.30696995458277
-26.670849254824105	-48.34169850964821
37.91480975342418	80.82961950684836
-26.129853483388516	-47.25970696677703
-63.5353583680571	-122.0707167361142
97.21141171181148	199.42282342362296
-12.630469657043975	-20.26093931408795
-36.67180357855999	-68.34360715711998
-11.224186966945865	-17.44837393389173
21.919205209799216	48.83841041959843
42.20526715155418	89.41053430310836
89.19560830149621	183.39121660299242
-43.59455984912668	-82.18911969825336
88.15137676375048	181.30275352750095
61.94855674844922	128.89711349689844
-67.86373370776863	-130.72746741553726
83.04418283015826	171.08836566031653
27.418208855693564	59.83641771138713
95.19974690668008	195.39949381336015
86.43504561334504	177.87009122669008
-95.3419511252203	-185.6839022504406
0.0966679419896792	5.193335883979358
-18.813008461318617	-32.626016922637234
15.539950309965135	36.07990061993027
86.66092816083693	178.32185632167386
57.88056220172325	120.7611244034465
-26.081333843032283	-47.162667686064566
-87.38251434545651	-169.76502869091303
29.59292117029659	64.18584234059318
-42.678621359887224	-80.35724271977445
-13.76744503911813	-22.53489007823626
14.370674846042903	33.741349692085805
97.1518219696938	199.3036439393876
-94.47852647717309	-183.95705295434618
-61.59546779078448	-118.19093558156897
55.056936009736404	115.11387201947281
-24.68747451047315	-44.3749490209463
-15.891322320406857	-26.782644640813714
97.64564608180137	200.29129216360275
-49.54199578305185	-94.0839915661037
41.935407517135815	88.87081503427163
62.20165706127324	129.40331412254648
36.60363730793503	78.20727461587006
-61.982965902342826	-118.96593180468565
91.90257724874334	188.80515449748668
14.890029361699646	34.78005872339929
40.092814037122054	85.18562807424411
-40.026155562775486	-75.05231112555097
-60.61874679151891	-116.23749358303782
-52.28206050122277	-99.56412100244555
48.45434191629221	101.90868383258442
40.74834687658819	86.49669375317637
-89.13852113708467	-173.27704227416933
-18.758805275216275	-32.51761055043255
33.32150094071301	71.64300188142602
-34.952114448978605	-64.90422889795721
-92.11532422579099	-179.23064845158197
-35.81056643830547	-66.62113287661094
-99.5302069301371	-194.0604138602742
11.836175425120189	28.672350850240377
40.84762066113808	86.69524132227616
-36.6305835507406	-68.2611671014812
-74.33604338517294	-143.67208677034589
-50.25668619647408	-95.51337239294816
-74.4185098291215	-143.837019658243
73.72348192586011	152.44696385172023
-19.195434446934996	-33.39086889386999
-3.7085927059445254	-2.417185411889051
17.886666680874768	40.773333361749536
68.5205809908712	142.0411619817424
33.06685759883726	71.13371519767452
47.768876227560554	100.53775245512111
-8.561337095550755	-12.12267419110151
38.60133611044182	82.20267222088364
-65.69266814401283	-126.38533628802566
57.86233252022029	120.72466504044058
84.81337789562815	174.6267557912563
-70.64618286391581	-136.29236572783162
5.103551446947691	15.207102893895382
-60.839570182590876	-116.67914036518175
-96.3171666398025	-187.634333279605
94.63855625488466	194.27711250976932
68.49342945153953	141.98685890307905
-71.97074079403797	-138.94148158807593
26.060057417524945	57.12011483504989
-6.79594904657111	-8.59189809314222
-70.76337199166323	-136.52674398332647
-43.59450649054675	-82.1890129810935
-42.101738474729004	-79.20347694945801
51.54077359038129	108.08154718076258
29.980235032948173	64.96047006589635
-3.2678097184423365	-1.535619436884673