X	Class
76.71194283282873	158.42388566565745
-67.65568313627806	-130.3113662725561
-21.1679909302172	-37.3359818604344
36.05389917966002	77.10779835932004
-50.074953244002906	-95.14990648800581
57.640721280544966	120.28144256108993
90.72229141285274	186.44458282570548
-54.94938176334987	-104.89876352669974
-57.9003752174474	-110.8007504348948
17.20493347287406	39.40986694574812
22.775758406242403	50.551516812484806
18.238752430649185	41.47750486129837
-62.773735325482114	-120.54747065096423
-50.309763379307306	-95.61952675861461
25.035848492240248	55.071696984480496
4.096283335321942	13.192566670643885
65.80536265951852	136.61072531903704
58.05999624236128	121.11999248472256
-71.8181670696174	-138.6363341392348
-83.43668054574815	-161.8733610914963
-30.868149462995746	-56.73629892599149
-87.39162313895494	-169.78324627790988
-46.59174293477051	-88.18348586954102
-90.90788457259825	-176.8157691451965
-33.14041522623393	-61.28083045246785
-68.69173734966323	-132.38347469932646
7.928552952679695	20.85710590535939
-22.68121518020554	-40.36243036041108
68.49033301794427	141.98066603588853
-54.701462292547795	-104.40292458509559
-26.552626578309457	-48.105253156618915
-79.04306616963737	-153.08613233927474
-56.99230280592666	-108.98460561185333
-45.095899256130046	-85.19179851226009
-29.70365860470858	-54.40731720941716
76.63514768783023	158.27029537566045
72.88048535706554	150.76097071413108
-77.01906756517872	-149.03813513035743
-84.5981655643623	-164.1963311287246
24.080777239676408	53.161554479352816
10.582470172164406	26.164940344328812
52.8519367934048	110.7038735868096
82.53042210685663	170.06084421371327
51.629933647127615	108.25986729425523
-10.732373601117189	-16.464747202234378
10.942385980552615	26.88477196110523
-36.019874860535154	-67.03974972107031
19.184327626266736	43.36865525253347
15.998531998962036	36.99706399792407
9.077140001786077	23.154280003572154
94.35583985511138	193.71167971022277
-98.32620228819557	-191.65240457639115
-90.65922070040382	-176.31844140080764
-35.75906197675988	-66.51812395351976
-77.02546043297707	-149.05092086595414
1.0395525579822475	7.079105115964495
48.23276723059388	101.46553446118776
-78.95727751523718	-152.91455503047436
-11.438530401504778	-17.877060803009556
13.672860565476924	32.34572113095385
52.10768143478387	109.21536286956774
99.364169329963	203.728338659926
65.16560931474393	135.33121862948786
84.77592733440554	174.55185466881107
-58.68749556589486	-112.37499113178971
11.730413830099181	28.460827660198362
36.09420413374613	77.18840826749226
63.11838820354828	131.23677640709656
13.838735388019757	32.67747077603951
74.28076112634417	153.56152225268835
85.51580049922461	176.03160099844922
76.10026246278821	157.20052492557642
-43.1400832572022	-81.2801665144044
6.533892077783008	18.067784155566017
-80.71003662854267	-156.42007325708533
61.77572036240352	128.55144072480704
-24.752688645203563	-44.505377290407125
82.18911537427417	169.37823074854833
-40.73094179115812	-76.46188358231625
73.54614650807258	152.09229301614516
-28.099985945932133	-51.199971891864266
-51.15405732559235	-97.3081146511847
-5.567976751839197	-6.135953503678394
-97.26706972982934	-189.5341394596587
87.83949934351148	180.67899868702295
63.285344612815265	131.57068922563053
-88.84637397098017	-172.69274794196033
-63.02328168597511	-121.04656337195021
14.019221455434774	33.03844291086955
-94.63772941210098	-184.27545882420196
-25.96515389141642	-46.93030778283284
-62.58068430686452	-120.16136861372904
-88.78748143340289	-172.57496286680578
-78.88941144049235	-152.7788228809847
-90.78919771258009	-176.57839542516018
34.27916648617756	73.55833297235512
21.449658434562878	47.899316869125755
65.83255497760868	136.66510995521736
-91.53878747069741	-178.07757494139483
-51.823651316219376	-98.64730263243875
98.36326641799357	201.72653283598714
-0.16128415247538896	4.677431695049222
-75.48998163952845	-145.9799632790569
73.29332286128226	151.58664572256453
-13.227952533933092	-21.455905067866183
-28.59771752225396	-52.19543504450792
-27.61089924987516	-50.22179849975032
-58.794685901995436	-112.58937180399087
-23.553291525120883	-42.10658305024177
-28.786472654653124	-52.57294530930625
64.18560477017866	133.3712095403573
85.97382337187292	176.94764674374585
73.38571900451208	151.77143800902417
-88.99683176261597	-172.99366352523194
86.16855903444511	177.33711806889022
68.05842924165523	141.11685848331047
-92.73894602901132	-180.47789205802263
-32.71153410262421	-60.42306820524843
45.85536373720569	96.71072747441139
96.9901833982783	198.9803667965566
98.45631744996874	201.91263489993747
57.69201710744818	120.38403421489636
-49.774498928483666	-94.54899785696733
77.53366617804843	160.06733235609687
39.5771992137974	84.1543984275948
51.037735318597726	107.07547063719545
98.88765084656933	202.77530169313866
-98.22564139110241	-191.45128278220483
-86.71247564667357	-168.42495129334714
-66.6892474615377	-128.3784949230754
-43.83584339223747	-82.67168678447494
-23.419544692735343	-41.839089385470686
-40.28206300023114	-75.56412600046228
-30.85573843564717	-56.71147687129434
74.47139214449402	153.94278428898804
-80.06263318121216	-155.12526636242433
-80.86995064659703	-156.73990129319407
-88.40152344505927	-171.80304689011854
-86.64281724059984	-168.28563448119968
5.974786175319096	16.949572350638192
73.37985478262726	151.75970956525452
-13.044959606305312	-21.089919212610624
-9.372597173771169	-13.745194347542338
4.74653108183945	14.4930621636789
-30.513665383874255	-56.02733076774851
-49.47890883251653	-93.95781766503306
-10.835119148065957	-16.670238296131913
33.22965070348624	71.45930140697249
55.8503863721248	116.7007727442496
95.74928312496164	196.49856624992327
7.1898927417015415	19.379785483403083
86.8959511136768	178.7919022273536
2.531697442840894	10.063394885681788
-52.825562470555724	-100.65112494111145
58.172313883514164	121.34462776702833
28.8954036643849	62.7908073287698
-99.26561640570367	-193.53123281140734
-8.135229792010136	-11.270459584020273
-96.13195963066559	-187.26391926133118
75.0084996605766	155.0169993211532
-0.2499160787373853	4.500167842525229
-4.279024684063543	-3.5580493681270866
20.959892302069136	46.91978460413827
10.567196230060432	26.134392460120864
43.75529612379373	92.51059224758745
57.01012016335119	119.02024032670238
-12.75589302225957	-20.51178604451914
57.35216476962458	119.70432953924916
-7.114316457403461	-9.228632914806923
-1.8854457530907496	1.2291084938185008
-84.19857881156476	-163.39715762312952
80.14311718986005	165.2862343797201
37.38623045442722	79.77246090885444
-50.91063680249381	-96.82127360498762
-89.5350106077066	-174.0700212154132
-28.698882305668434	-52.39776461133687
-17.151382288730346	-29.302764577460692
-64.51788266957675	-124.0357653391535
5.619559512415691	16.239119024831382
-70.58841685172234	-136.1768337034447
40.02176927712043	85.04353855424085
-75.61327609575656	-146.22655219151312
-1.3779624613008252	2.2440750773983495
78.70788285438513	162.41576570877027
59.126909608537886	123.25381921707577
-52.66624488987057	-100.33248977974114
-24.351073050661114	-43.70214610132223
19.728129791990284	44.45625958398057
93.57177555063092	192.14355110126183
-6.7890608356227204	-8.578121671245441
26.191897358369616	57.38379471673923
-16.156515548685732	-27.313031097371464
41.0378306390929	87.0756612781858
1.171340356422121	7.342680712844242
-21.4038891169797	-37.8077782339594
-19.26486806113985	-33.5297361222797
-40.588901171690075	-76.17780234338015
41.542083191973376	88.08416638394675
-7.988869306955593	-10.977738613911185
63.45111652114892	131.90223304229784
43.21258272940594	91.42516545881188
29.618001162906154	64.23600232581231
-67.98291094782203	-130.96582189564407
-98.75727863225111	-192.51455726450223
18.43237917357152	41.86475834714304
65.24965527577899	135.49931055155798
-73.22414413508193	-141.44828827016386
41.485980722606115	87.97196144521223
-75.84160411342246	-146.68320822684493
87.11421813928465	179.2284362785693
60.89658493179027	126.79316986358054
-74.05257821218223	-143.10515642436445
-73.4529392935282	-141.9058785870564
-83.81775054437766	-162.63550108875532
-14.494997240350884	-23.989994480701768
78.63999257104444	162.2799851420889
-8.976047649843608	-12.952095299687215
12.834167701897272	30.668335403794543
84.88031426123007	174.76062852246014
1.6536248632256871	8.307249726451374
78.15851177275323	161.31702354550646
70.94389431517325	146.8877886303465
-53.180313393715714	-101.36062678743143
-22.85932355406723	-40.71864710813446
-49.380589944074174	-93.76117988814835
-77.0897041295089	-149.1794082590178
43.86661872128127	92.73323744256254
-53.21631382380146	-101.43262764760291
-94.28249896846992	-183.56499793693985
6.762920255175729	18.525840510351458
-13.605106253083392	-22.210212506166783
86.03860232399717	177.07720464799434
-47.995167923723045	-90.99033584744609
5.16305340536978	15.32610681073956
47.23607023675686	99.47214047351372
-77.55138014343402	-150.10276028686803
-23.513158045216926	-42.02631609043385
34.43860720901705	73.8772144180341
-84.36027368032136	-163.7205473606427
95.6543892747772	196.3087785495544
-15.863816045146507	-26.727632090293014
-46.20694227823074	-87.41388455646148
94.22847893673355	193.4569578734671
-66.14901734898535	-127.2980346979707
90.75036621954376	186.50073243908753
-74.98758202345472	-144.97516404690944
41.66628431303002	88.33256862606004
-75.94848687739153	-146.89697375478306
86.41155587120187	177.82311174240374
-95.56935540801528	-186.13871081603057
89.06138819032569	183.12277638065137
-76.88833119193404	-148.77666238386809
33.596088222395366	72.19217644479073
-48.93584550276153	-92.87169100552306
65.57825009412062	136.15650018824124
70.16641880077478	145.33283760154956
14.676248826198375	34.35249765239675
-98.8823481410783	-192.7646962821566
-44.27294648717175	-83.5458929743435
64.20781311947593	133.41562623895186
-87.52236760433321	-170.04473520866642
27.592837332491825	60.18567466498365
0.7619988864766327	6.523997772953265
-29.613721853010702	-54.227443706021404
-58.95933634545081	-112.91867269090162
13.075816251025714	31.151632502051427
-72.27987702870107	-139.55975405740213
68.5634173073453	142.1268346146906
-30.58462886783883	-56.16925773567766
-35.75581234159128	-66.51162468318256
74.97243023130471	154.94486046260943
-26.289349638988853	-47.578699277977705
-17.224708533448464	-29.449417066896928
-80.50650285300912	-156.01300570601825
-30.895112811825513	-56.790225623651025
28.754208257315298	62.508416514630596
-13.479343879799458	-21.958687759598917
9.309210855760924	23.618421711521847
-94.39766010043651	-183.79532020087302
-75.33453876806742	-145.66907753613484
-68.63436187277112	-132.26872374554225
4.792196583846973	14.584393167693946
-33.11573983108889	-61.231479662177776
-12.73185212022652	-20.46370424045304
-64.85142295569884	-124.70284591139767
60.863281976026116	126.72656395205223
-66.42772861792774	-127.85545723585548
50.63289897766373	106.26579795532746
-51.29555524949942	-97.59111049899884
-28.084528557384488	-51.169057114768975
-75.71156733396182	-146.42313466792365
66.97146200728693	138.94292401457386
-18.92919220891656	-32.85838441783312
-38.19867386120639	-71.39734772241277
57.210837396862445	119.42167479372489
-80.97418462399855	-156.9483692479971
-66.74736843647415	-128.4947368729483
13.472250642980057	31.944501285960115
-99.5434369456307	-194.0868738912614
46.271987153137104	97.54397430627421
20.02540033138129	45.05080066276258
-13.029710882705373	-21.059421765410747
63.691494077656586	132.38298815531317
20.143841717295345	45.28768343459069
-47.98950097399	-90.97900194798
91.21002648945847	187.42005297891694
-42.083563357245346	-79.16712671449069
-78.88194216847626	-152.76388433695251
14.246019340247898	33.492038680495796
30.26098219329282	65.52196438658564
87.12697615758344	179.25395231516688
23.66298143622889	52.32596287245778
-41.710803069539914	-78.42160613907983
68.69517790789001	142.39035581578003
9.053601400327977	23.107202800655955
-67.60443640386168	-130.20887280772337
10.462961363442986	25.92592272688597
16.86457647734227	38.72915295468454
83.5789118689386	172.1578237378772
-58.07916857891349	-111.15833715782698
22.073863092229587	49.147726184459174
-68.6940112899857	-132.3880225799714
33.28594574041915	71.5718914808383
1.0627651448123174	7.125530289624635
-42.7150111206698	-80.4300222413396
61.814310271292584	128.62862054258517
83.54307038515267	172.08614077030535
49.94805877124145	104.8961175424829
91.249171865254	187.498343730508
93.39151244423653	191.78302488847305
-44.00966377986166	-83.01932755972332
3.540167117837399	12.080334235674798
21.65461018967872	48.30922037935744
-7.414329742898886	-9.828659485797772
-32.107406576025795	-59.21481315205159
-48.79406906652164	-92.58813813304327
-28.99675610295931	-52.99351220591862
39.27482847040463	83.54965694080926
1.8371109070945693	8.674221814189139
-81.956588175158	-158.913176350316
-5.931435193939905	-6.862870387879809
18.43384938069204	41.86769876138408
14.216884104370209	33.43376820874042
46.039829785022334	97.07965957004467
-50.02310618586645	-95.0462123717329
-13.251417246906925	-21.50283449381385
29.462931680786028	63.925863361572056
-39.63922221422818	-74.27844442845635
-95.80277465253732	-186.60554930507465
26.622630902256248	58.245261804512495
-75.28706211369254	-145.57412422738508
28.941700961557274	62.88340192311455
-16.716319000735197	-28.432638001470394
-87.31443945896787	-169.62887891793574
-95.67617934646975	-186.3523586929395
-65.87117226667947	-126.74234453335893
70.27299082629744	145.5459816525949
48.600856952066124	102.20171390413225
-57.09244937104528	-109.18489874209055
97.19513375982106	199.39026751964212
5.4656410535376665	15.931282107075333
16.56544287529094	38.13088575058188
2.059736435080765	9.11947287016153
-24.643826875753504	-44.28765375150701
-92.8445965843357	-180.6891931686714
-2.6675815889677352	-0.33516317793547046
23.647755158192197	52.295510316384394
-30.785994905640422	-56.571989811280844
70.46353623236351	145.92707246472702
97.2899843616951	199.5799687233902
3.665791766750857	12.331583533501714
-61.58817607203269	-118.17635214406538
91.70867618673068	188.41735237346137
-90.31455673078439	-175.62911346156878
-24.076179194722954	-43.15235838944591
-7.933658733722851	-10.867317467445702
-9.3942974444724	-13.7885948889448
69.80889714692105	144.6177942938421
47.195176648753176	99.39035329750635
79.48895254720495	163.9779050944099
-13.912423104263723	-22.824846208527447
-90.9605490285426	-176.9210980570852
68.65043321805007	142.30086643610014
51.19351417530092	107.38702835060184
69.23982189923507	143.47964379847014
-87.11190382568657	-169.22380765137314
69.93988990095767	144.87977980191533
5.99077195012508	16.98154390025016
25.09749053640317	55.19498107280634
-38.143537627085	-71.28707525417
-91.97483077131173	-178.94966154262346
-85.19339753617345	-165.3867950723469
96.25819022173431	197.51638044346862
51.89906571771496	108.79813143542992
66.60358508483114	138.20717016966228
85.59530910714341	176.19061821428681
52.860146422952795	110.72029284590559
-22.30933882833213	-39.61867765666426
79.94244391959691	164.88488783919382
14.090564751011442	33.181129502022884
-78.02930045929877	-151.05860091859753
-85.55091340245755	-166.1018268049151
40.53886357902624	86.07772715805248
-45.59537988772588	-86.19075977545177
96.13458748424222	197.26917496848444
-70.05199921353527	-135.10399842707054
44.531381852369634	94.06276370473927
-49.323778579647445	-93.64755715929489
-29.33437465381033	-53.66874930762066
64.74810527308261	134.49621054616523
-41.51360520787903	-78.02721041575806
65.77648092059542	136.55296184119084
54.48806850243483	113.97613700486966
24.892806342619835	54.78561268523967
-46.14100666535514	-87.28201333071029
-42.75175244536899	-80.50350489073799
-95.01000724995636	-185.02001449991272
24.563555928491397	54.12711185698279
65.13593913625681	135.27187827251362
12.064068106652257	29.128136213304515
50.4688584653932	105.9377169307864
-58.14669924882225	-111.2933984976445
23.963733885947434	52.92746777189487
10.409845430600598	25.819690861201195
-84.95344108729248	-164.90688217458495
36.69603064960779	78.39206129921558
70.20535124870653	145.41070249741307
-79.29870029250603	-153.59740058501205
-81.35677016580709	-157.71354033161418
-93.25913750450077	-181.51827500900154
-84.15196239435268	-163.30392478870536
20.711199848788397	46.42239969757679
-0.2894362117201723	4.421127576559655
-93.61561242819867	-182.23122485639735
64.04642151410764	133.09284302821527
-21.708328797506212	-38.416657595012424
-21.28344959436616	-37.56689918873232
21.540536882958833	48.081073765917665
-3.465441357215198	-1.9308827144303962
-95.46929318894995	-185.9385863778999
-21.41829112448957	-37.83658224897914
29.387028467638885	63.77405693527777
77.07234141870109	159.14468283740217
-25.114552013523934	-45.22910402704787
-68.84916017872492	-132.69832035744983
-62.26506330243786	-119.53012660487572
-67.27835612902382	-129.55671225804764
92.68298906868725	190.3659781373745
97.62743520455487	200.25487040910974
-24.22067008184395	-43.4413401636879
-38.49380608267641	-71.98761216535281
54.74010916902739	114.48021833805478
-38.06839400451925	-71.1367880090385
60.59525271391075	126.1905054278215
55.24561777454073	115.49123554908147
33.16827340959264	71.33654681918529
-10.776386379207764	-16.55277275841553
69.9585417266598	144.9170834533196
98.1687403492314	201.3374806984628
-50.88705963990443	-96.77411927980886
-83.52004946099471	-162.04009892198943
58.89209749179918	122.78419498359835
-92.85127155412951	-180.70254310825902
36.52355926862924	78.04711853725848
0.6255908360142115	6.251181672028423
89.2568665666862	183.5137331333724
50.88140614883625	106.7628122976725
39.762828051682845	84.52565610336569
25.497989916212987	55.995979832425974
64.7918535832554	134.5837071665108
-96.4602961594577	-187.9205923189154
33.074714956343456	71.14942991268691
76.23205246335246	157.46410492670492
-68.60934543854933	-132.21869087709865
75.48760724848907	155.97521449697814
-76.8061752110268	-148.6123504220536
54.017802426722085	113.03560485344417
6.540047818588036	18.080095637176072
95.52934909526635	196.0586981905327
-7.3037869194324685	-9.607573838864937
27.87175934247381	60.74351868494762
-66.3499809157716	-127.69996183154319
-56.07055894451223	-107.14111788902446
56.48275010025938	117.96550020051876
-23.43031508135671	-41.86063016271342
9.948321248340747	24.896642496681494
-6.2889749531398	-7.577949906279599
-48.33173740601519	-91.66347481203039
38.17437997627218	81.34875995254436
9.892301647923446	24.784603295846892
99.35195943973005	203.7039188794601
-45.492310383575486	-85.98462076715097
25.05003773108055	55.1000754621611
-24.887618827906422	-44.775237655812845
25.434461676094912	55.868923352189825
11.250964221445912	27.501928442891824
-11.901862096828154	-18.803724193656308
-16.880326058561693	-28.760652117123385
22.79996738318198	50.59993476636396
-37.706096591157376	-70.41219318231475
-55.86360758359663	-106.72721516719326
37.93083804960034	80.86167609920068
69.09446936373118	143.18893872746236
58.599656445592814	122.19931289118563
-93.48079668043981	-181.96159336087962
-64.24956387780043	-123.49912775560085
70.76006232677676	146.52012465355352
70.19058730632025	145.3811746126405
-59.49435009945576	-113.98870019891152
-94.97356070044324	-184.9471214008865
-62.25209173680837	-119.50418347361673
-27.12415642221815	-49.2483128444363
21.293381577674396	47.58676315534879
-6.688322815535457	-8.376645631070915
25.699357001457003	56.398714002914005
81.14012729139773	167.28025458279546
40.97561205491593	86.95122410983186
42.89599546036371	90.79199092072741
-63.112672243480986	-121.22534448696197
-41.14961921086868	-77.29923842173736
-59.96230473679536	-114.92460947359072
41.23621703950212	87.47243407900424
43.32495290429702	91.64990580859404
-36.94291230512374	-68.88582461024748
-0.43337443135058606	4.133251137298828
-79.012016821381	-153.024033642762
72.62690220686352	150.25380441372704
33.432198731787565	71.86439746357513
-94.93410490369723	-184.86820980739446
60.71431936658638	126.42863873317276
86.82779159562708	178.65558319125415
96.32712833193168	197.65425666386335
-91.98692342995793	-178.97384685991585
-47.49996102443998	-89.99992204887997
-95.93175476620601	-186.86350953241202
-62.78973998684081	-120.57947997368161
-61.583217366639076	-118.16643473327815
-84.39195059969423	-163.78390119938845
-58.89647563371159	-112.79295126742318
-68.1130150768117	-131.2260301536234
-62.957247286834026	-120.91449457366805
55.274122678241184	115.54824535648237
-83.26578784321188	-161.53157568642376
-7.059749882587724	-9.119499765175448
78.83576082879154	162.67152165758307
-51.93422463268176	-98.86844926536352
-27.201898283004212	-49.403796566008424
54.103148571738075	113.20629714347615
-1.9867264464704704	1.0265471070590593
46.466073677464095	97.93214735492819
81.01898458069084	167.03796916138168
-9.918934034688732	-14.837868069377464
82.81083273747399	170.62166547494797
45.97850969324381	96.95701938648762
-28.392404948944417	-51.784809897888834
-63.19458636048707	-121.38917272097414
-56.8583611810213	-108.7167223620426
-79.11187383453901	-153.22374766907802
17.583111754347698	40.166223508695396
84.6434237460229	174.2868474920458
-20.693188758639607	-36.386377517279215
-18.480594032678496	-31.961188065356993
-39.911818648948014	-74.82363729789603
-80.20678817853988	-155.41357635707976
79.08104809262437	163.16209618524874
80.67757880198212	166.35515760396424
-89.09781273642783	-173.19562547285565
-18.137236534187508	-31.274473068375016
59.628285373176965	124.25657074635393
80.5954295415846	166.1908590831692
-8.278373047340452	-11.556746094680904
61.76260028872869	128.52520057745738
36.057397774206265	77.11479554841253
28.06557139903262	61.13114279806524
-80.15389313249959	-155.30778626499918
56.30332609270633	117.60665218541266
-88.51230445142323	-172.02460890284647
-44.60605229388705	-84.2121045877741
-84.93612090210887	-164.87224180421774
46.302956576241485	97.60591315248297
-19.075137645149383	-33.150275290298765
65.03842607704689	135.07685215409379
57.374675317098394	119.74935063419679
-28.0777341616633	-51.1554683233266
-38.23756296277896	-71.47512592555792
-40.9711235073414	-76.9422470146828
-76.65692860464756	-148.31385720929512
54.13469008985413	113.26938017970826
58.703442126749394	122.40688425349879
10.954775133747901	26.909550267495803
-23.75415564012178	-42.50831128024356
58.31584479598746	121.63168959197492
43.370932658990824	91.74186531798165
-75.24433750920801	-145.48867501841602
-17.692815843543627	-30.385631687087255
50.00058717143986	105.00117434287972
-61.91383688205831	-118.82767376411662
-31.874835015995302	-58.749670031990604
80.32408654735616	165.64817309471232
-54.65229195764911	-104.30458391529822
-7.861082658233087	-10.722165316466175
-55.649951852350156	-106.29990370470031
63.87501598774068	132.75003197548136
-65.72694662939702	-126.45389325879404
-79.74165158045588	-154.48330316091176
-38.34403201597556	-71.68806403195111
49.52639003173039	104.05278006346077
-98.47360296672991	-191.94720593345983
-69.1026068751645	-133.205213750329
57.292104302706974	119.58420860541395
91.49417608262146	187.98835216524293
78.87605502815117	162.75211005630234
-63.11715410356709	-121.23430820713418
-59.031382666763	-113.062765333526
85.4605277718091	175.9210555436182
-55.18925392046541	-105.37850784093082
-13.411696048541486	-21.823392097082973
-68.0614570369265	-131.122914073853
8.116358513390608	21.232717026781216
-61.84061630459938	-118.68123260919876
32.28669394788926	69.57338789577852
22.58491839221486	50.16983678442972
-3.5026428979209214	-2.005285795841843
-53.585289862780996	-102.17057972556199
-6.40074321948228	-7.8014864389645595
-28.03718693543047	-51.07437387086094
-24.637433181011858	-44.274866362023715
-7.743783715570075	-10.48756743114015
-31.561042159978598	-58.122084319957196
-1.9439590475470254	1.1120819049059492
-47.99313433276955	-90.9862686655391
-99.5693498730196	-194.1386997460392
41.477312688225794	87.95462537645159
99.26379878406115	203.5275975681223
-47.29581297190657	-89.59162594381314
64.12146743129057	133.24293486258114
-19.152068839786196	-33.30413767957239
98.18980651376853	201.37961302753706
-93.35475546518761	-181.70951093037522
53.98705234512724	112.97410469025448
-49.97572286089833	-94.95144572179666
-28.81706468446484	-52.63412936892968
51.74376116500511	108.48752233001022
-43.84670508478092	-82.69341016956184
24.37855831292262	53.75711662584524
52.20756040034914	109.41512080069828
40.47374684170646	85.94749368341292
21.981399893718162	48.962799787436325
-85.24403062757739	-165.48806125515478
-45.61744644816559	-86.23489289633117
-33.42885801244773	-61.85771602489547
-22.24345111193071	-39.48690222386142
57.51983060273784	120.03966120547568
-56.33306364283514	-107.66612728567029
-4.609051561394125	-4.21810312278825
5.38573605950603	15.77147211901206
78.78116777340026	162.5623355468005
50.52501380705979	106.05002761411959
-94.48413660457918	-183.96827320915835
63.1348737921447	131.2697475842894
40.59877279836826	86.19754559673652
5.325351241711189	15.650702483422378
91.45692260320178	187.91384520640355
-87.54206399922248	-170.08412799844496
-99.17840261582353	-193.35680523164706
52.036984081693106	109.07396816338621
92.79149573585806	190.58299147171613
64.36936246749289	133.73872493498578
6.250414840669009	17.50082968133802
-82.77080331397588	-160.54160662795175
39.2963202252449	83.5926404504898
-30.46850714640317	-55.93701429280634
37.104837882208216	79.20967576441643
56.098830681607126	117.19766136321425
49.2860213034794	103.5720426069588
43.16598680825666	91.33197361651332
21.58804086778308	48.17608173556616
60.9992519767236	126.9985039534472
3.957639606756743	12.915279213513486
-66.82101023244005	-128.6420204648801
19.481757740031583	43.963515480063165
65.1614445504062	135.3228891008124
10.124358954034093	25.248717908068187
-80.23321097562416	-155.46642195124832
-48.392447144185915	-91.78489428837183
11.549143975609198	28.098287951218396
75.35770382384831	155.71540764769662
63.10995518591167	131.21991037182335
53.286715257441585	111.57343051488317
-65.06210568112695	-125.1242113622539
-10.78536864232224	-16.57073728464448
90.27255668612037	185.54511337224073
-48.065874526339634	-91.13174905267927
-4.151805055653796	-3.3036101113075915
78.38152399920455	161.7630479984091
98.10139207551336	201.20278415102672
-85.6418686958607	-166.2837373917214
62.083887886256264	129.16777577251253
-44.397240456996954	-83.79448091399391
59.0575090115444	123.1150180230888
84.64364882963349	174.28729765926698
60.645299420266355	126.29059884053271
50.41712089075472	105.83424178150943
44.69628829549231	94.39257659098462
57.36915515810179	119.73831031620358
-28.564003725919676	-52.12800745183935
-82.78851284582063	-160.57702569164127
-27.797163456122703	-50.59432691224541
-62.71380160807632	-120.42760321615263
4.9929228901972635	14.985845780394527
-30.688184080104918	-56.376368160209836
36.61375586664445	78.2275117332889
-85.63463000037422	-166.26926000074843
0.7611845567473665	6.522369113494733
79.05924255648023	163.11848511296046
70.33664559153888	145.67329118307777
-96.00650331930602	-187.01300663861204
-60.39554238730429	-115.79108477460858
-43.8877031783909	-82.7754063567818
34.77422954190234	74.54845908380469
99.17287677764236	203.34575355528472
-44.77981755522207	-84.55963511044413
92.12391246768513	189.24782493537026
-0.2606347878156612	4.478730424368678
19.091982600445263	43.183965200890526
23.279672102201232	51.559344204402464
79.50732919462939	164.01465838925878
16.57998311466784	38.15996622933568
-74.11721389372872	-143.23442778745743
43.27081089212069	91.54162178424139
-54.02966612639377	-103.05933225278754
-6.047411267916928	-7.094822535833856
11.375645494449401	27.751290988898802
9.262561706751839	23.525123413503678
-96.49704440805971	-187.99408881611942
-93.73781938093919	-182.47563876187837
-5.97647915822543	-6.952958316450861
98.31228723709452	201.62457447418905
-76.04169632455267	-147.08339264910535
-45.91570136889376	-86.83140273778751
51.84081241482619	108.68162482965238
7.0397476203060165	19.079495240612033
19.97150076808971	44.94300153617942
-79.02965996248523	-153.05931992497045
-21.741808009202273	-38.48361601840455
22.123658133394983	49.247316266789966
-82.227060933985	-159.45412186797
-14.167216871137327	-23.334433742274655
40.35651168616744	85.71302337233487
-27.262451978775346	-49.52490395755069
-18.43148381055019	-31.86296762110038
49.687477366379596	104.37495473275919
-18.73520925535142	-32.47041851070284
-66.32699521852822	-127.65399043705645
13.812913094908168	32.62582618981634
92.74618809543841	190.49237619087683
76.08509239379012	157.17018478758024
35.94679954750174	76.89359909500348
-63.0637530611976	-121.1275061223952
98.8590979185278	202.7181958370556
78.86103065228929	162.72206130457857
-67.15119312584103	-129.30238625168207
-80.65810730525507	-156.31621461051014
-58.48334934144128	-111.96669868288257
35.2394345269162	75.4788690538324
-33.88448654936562	-62.76897309873124
-33.95473784865901	-62.909475697318015
-19.53680829413527	-34.07361658827054
92.52701204098673	190.05402408197347
-34.10033960334428	-63.20067920668856
-29.621779668631888	-54.243559337263775
0.621505972253459	6.243011944506918
96.05672096309439	197.11344192618878
63.754164435079474	132.50832887015895
-81.46537433611978	-157.93074867223956
-27.344999073487372	-49.689998146974744
-76.2302339698206	-147.4604679396412
67.76799145309081	140.53598290618163
-92.1520319480676	-179.3040638961352
58.77930421610543	122.55860843221086
87.13889981843451	179.27779963686902
72.66879199657578	150.33758399315155
90.12059373582645	185.2411874716529
98.04248465604172	201.08496931208344
26.841982315360212	58.683964630720425
15.245455390665825	35.49091078133165
92.98039940809926	190.96079881619852
79.6610028126054	164.3220056252108
-48.41832996301576	-91.83665992603152
-20.77750381387402	-36.55500762774804
47.539419751927454	100.07883950385491
91.72572444291615	188.4514488858323
60.9533649087291	126.9067298174582
-79.01808396763099	-153.03616793526197
-30.7775792356977	-56.5551584713954
-84.10893801388895	-163.2178760277779
-73.46618274107446	-141.93236548214892
-2.4587273109717387	0.08254537805652262
-81.05066017571694	-157.10132035143388
-63.590722737737515	-122.18144547547503
97.78711119275755	200.5742223855151
42.18143938486196	89.36287876972392
-41.96794478463253	-78.93588956926506
70.12368533468637	145.24737066937274
43.070247699155175	91.14049539831035
10.266981500253536	25.53396300050707
35.22684903614115	75.4536980722823
16.107022016369157	37.214044032738315
-63.7897148026686	-122.5794296053372
79.94602136958511	164.89204273917022
56.29650413504132	117.59300827008263
-32.19223157790252	-59.38446315580504
-52.677750618906096	-100.35550123781219
64.40128872637683	133.80257745275367
54.847424939515804	114.69484987903161
-65.77052574874284	-126.54105149748568
-25.05055459292913	-45.10110918585826
79.99207421805781	164.98414843611562
18.820726903924935	42.64145380784987
-0.8983810999921644	3.203237800015671
-46.84287079063929	-88.68574158127858
-31.355665002653012	-57.711330005306024
81.72313320709932	168.44626641419865
-80.23478684975379	-155.46957369950758
42.60478681057819	90.20957362115638
93.20614435451654	191.41228870903308
-4.865854735076411	-4.731709470152822
13.654522284733247	32.309044569466494
-43.06621622587341	-81.13243245174682
-87.21357914511727	-169.42715829023453
15.798825925052924	36.59765185010585
41.966002166999914	88.93200433399983
56.822172235359034	118.64434447071807
7.943570621771883	20.887141243543766
-49.969641585417705	-94.93928317083541
-67.76637695754263	-130.53275391508527
-86.37698319206535	-167.7539663841307
68.30787458624684	141.61574917249368
-0.979355013869494	3.041289972261012
84.10909977332295	173.2181995466459
10.10293245085873	25.20586490171746
-34.33945989559682	-63.678919791193636
70.29121634773881	145.58243269547762
-2.017288286429448	0.9654234271411042
-61.27353836372891	-117.54707672745782
1.8971871574416213	8.794374314883243
-3.5400025400776656	-2.080005080155331
85.59682346648077	176.19364693296154
84.69983512079611	174.39967024159222
-52.747964675356116	-100.49592935071223
3.232950763968148	11.465901527936296
72.45417017799693	149.90834035599386
80.79879928690656	166.59759857381312
-85.73842683160171	-166.47685366320343
-0.23397398252562596	4.532052034948748
90.87754884516286	186.75509769032573
-47.597004535748646	-90.19400907149729
76.2863075998277	157.5726151996554
98.1362262174776	201.2724524349552
-99.38290285979905	-193.7658057195981
9.27471990534417	23.54943981068834
-57.273265365757695	-109.54653073151539
-65.15218122635567	-125.30436245271133
28.22817105794084	61.45634211588168
-76.05109920297359	-147.10219840594718
-60.02962395630416	-115.05924791260831
-17.819669274786648	-30.639338549573296
-10.475480339388525	-15.95096067877705
37.85728930357067	80.71457860714133
54.52923351333047	114.05846702666094
-58.192387782972	-111.384775565944
19.182054827475852	43.364109654951704
47.79350667932849	100.58701335865698
18.04757263214971	41.09514526429942
90.19887232795983	185.39774465591967
-78.21861655494817	-151.43723310989634
93.5107149331784	192.0214298663568
5.732288121800863	16.464576243601726
-93.10362981837376	-181.20725963674752
-86.75953961889999	-168.51907923779999
-91.62423168689493	-178.24846337378986
-39.466606961646434	-73.93321392329287
-31.98764862052866	-58.97529724105732
-18.228038960063685	-31.45607792012737
-92.25587575738392	-179.51175151476784
76.67841144160843	158.35682288321686
-54.56179932887151	-104.12359865774302
24.31021255575898	53.62042511151796
40.59976839757425	86.1995367951485
96.24728161776278	197.49456323552556
11.48810872506975	27.9762174501395
56.17067581577183	117.34135163154366
-72.09497397416165	-139.1899479483233
97.54589655474001	200.09179310948002
54.233187931412544	113.46637586282509
-8.299405616595081	-11.598811233190162
-37.536366824030544	-70.07273364806109
36.28797001016662	77.57594002033323
54.53768478017517	114.07536956035034
-57.064823696290624	-109.12964739258125
23.713328015161636	52.42665603032327
-7.771185920061768	-10.542371840123536
65.2607393134638	135.5214786269276
46.77085809607041	98.54171619214083
95.40538817783064	195.8107763556613
-79.96574998020571	-154.93149996041143
-32.34151686133589	-59.68303372267178
-27.678982827233682	-50.357965654467364
-48.30145061451743	-91.60290122903486
1.1685783198705622	7.337156639741124
-70.55143546834108	-136.10287093668217
-14.905230763161413	-24.810461526322825
21.401033424771242	47.802066849542484
20.044287547838906	45.08857509567781
14.562486390066965	34.12497278013393
-95.17564977737636	-185.35129955475273
10.833800681812434	26.66760136362487
-98.93664947909299	-192.87329895818598
-87.82046096694407	-170.64092193388814
-71.07386439754586	-137.14772879509172
-17.67079644831908	-30.34159289663816
-14.511534795607204	-24.02306959121441
-99.12670099457266	-193.25340198914532
-38.413353787539805	-71.82670757507961
-33.63700555821299	-62.27401111642598
-73.7161276534362	-142.4322553068724
97.51241703957831	200.02483407915662
54.219601809363326	113.43920361872665
-49.11547088952115	-93.2309417790423
18.495637187156234	41.99127437431247
-59.959955426126996	-114.91991085225399
-33.70570008926347	-62.41140017852695
79.86277630769706	164.72555261539412
62.41152260281385	129.8230452056277
64.4477487152663	133.8954974305326
-22.332162316710495	-39.66432463342099
2.168566669490474	9.337133338980948
-78.46329652605162	-151.92659305210324
72.7540173164497	150.5080346328994
41.92856972660249	88.85713945320498
67.8580516542238	140.7161033084476
-80.01374564200681	-155.02749128401362
-44.300330997002504	-83.60066199400501
-30.558496926476337	-56.116993852952675
93.11123273431642	191.22246546863283
67.01749553487502	139.03499106975005
65.52374363794996	136.04748727589993
34.833181963933015	74.66636392786603
-91.3105146504277	-177.6210293008554
57.434820160451125	119.86964032090225
89.29218977533674	183.58437955067348
-92.65712958496802	-180.31425916993604
-49.88611117394106	-94.77222234788212
-86.1078284488376	-167.2156568976752
22.855365227602945	50.71073045520589
-56.611741720193876	-108.22348344038775
63.54738467973965	132.0947693594793
68.3904985968517	141.7809971937034
83.01807254938777	171.03614509877553
-87.4331760372951	-169.8663520745902
-97.26729576145144	-189.53459152290287
32.078768451919615	69.15753690383923
5.264582892917318	15.529165785834635
-50.0681262353277	-95.1362524706554
-77.19032061104838	-149.38064122209676
-18.62000203336467	-32.24000406672934
56.498686386721005	117.99737277344201
60.91153115464576	126.82306230929152
-65.18093938463076	-125.36187876926152
33.03917365779887	71.07834731559774
48.782209743531865	102.56441948706373
-81.99701610023243	-158.99403220046486
-67.1450552357821	-129.2901104715642
-5.536787608506685	-6.073575217013371
20.15119159612533	45.30238319225066
-62.220894906825805	-119.44178981365161
85.41546066352328	175.83092132704655
27.9818076081027	60.9636152162054
-57.93845617407734	-110.87691234815468
-80.04130391443928	-155.08260782887857
95.61890553117055	196.2378110623411
92.7272527147218	190.4545054294436
-34.750826422234766	-64.50165284446953
72.44229739583417	149.88459479166835
-44.644220389096304	-84.28844077819261
32.168889859350344	69.33777971870069
-78.6331821844806	-152.2663643689612
25.654137577687692	56.308275155375384
14.479728707097877	33.959457414195754
-57.821596554015976	-110.64319310803195
-43.014644853037765	-81.02928970607553
-18.50086858552902	-32.00173717105804
62.037440412211396	129.0748808244228
54.028347239452955	113.05669447890591
41.03617835542303	87.07235671084607
80.14009430241146	165.2801886048229
-44.82516226734516	-84.65032453469033
-66.59882046160408	-128.19764092320816
10.157464944135299	25.314929888270598
63.457876976290265	131.91575395258053